   7.1333910075996199e-03   3.9087385725167382e-03   8.7298865002145131e-03   1.6069212722309139e-03   1.3210873978846396e-03   1.0042786162564817e-02   6.2190117975687263e-03   5.9321545629421202e-03   1.4594696940723427e-04   3.8058038872333857e-03
   1.2958769625972826e+00   2.7134072663215387e+00   3.9324585667592888e+00   1.8735889012070215e+00   2.7773939099954337e+00   7.8313963742021153e-01   2.0205601557502892e+00   1.0140418873448238e+00   3.8509130022398512e+00   3.7800301385208117e+00
   3.9462618720365050e-02   7.8720517264334919e+00   2.3917405148168585e+00   8.1004810680524599e+00   1.8701645102274105e+00   3.3519235857653520e+00   5.8480979496081567e+00   7.2183123086357108e+00   1.6132123516442918e+00   5.0408315481991073e+00
   1.5350691780931132e+00   1.2340093903033069e+00   1.7206427000604090e+00   2.0915135944148231e+00   6.7299124056413984e-01   1.9514491833912881e+00   1.4977850638512007e+00   1.2312829101818368e+00   1.1303550807446565e+00   8.1173646227361029e-01
  -2.1439513112293605e-02  -2.7539292198739702e-02  -2.4142082656877936e-02  -1.5226215792021915e-02  -1.4983096737344118e-02  -2.0890602218033669e-02  -1.6779484085580779e-02  -2.2328246214897814e-02  -2.5669005958744169e-02  -1.4707120973102172e-02
   4.5628082189598120e-07   1.4048838764396836e-06   6.6025096573962732e-07   1.2625907131134542e-06   4.5093776348743143e-07   3.8289221316364215e-07   1.2169091366723687e-07   7.0168440144124831e-09   9.2272613570119538e-07   1.2630483847879390e-06
   2.8192293591390666e-02   5.9422539411812685e-02   8.0497350573719276e-02   3.0142034802907260e-02   2.8904292776380548e-02   4.5286356416596729e-02   3.8664778283944580e-02   9.2802813559195674e-02   6.1178888989252091e-02   6.5420436783622457e-02
   2.8991722851275603e-01   2.1599967580566354e-01   2.8938302678903294e-01   2.4222938896129428e-01   2.5110777484884728e-01   2.2275977149880150e-01   2.8227164620577383e-01   2.4493863458904758e-01   2.6817349102311533e-01   2.7123823737541919e-01
   6.2279374109012312e-02   5.5882044937685581e-02   7.1257393173860178e-02   5.2883416410858274e-02   7.0332747393949818e-02   6.7582289923857744e-02   4.7332411621668645e-02   7.1360568823016710e-02   5.4409020593054462e-02   6.8400137459567537e-02
   7.5510894259430894e-01   3.1932255349687861e+00   3.9574773660724523e+00   2.8894216665665260e+00   4.0751139166524313e+00   1.7522755663692262e+00   1.0729411849132984e+00   4.6161523665053306e-01   2.3913289601704655e+00   2.8805607790570944e+00
   6.9194254856825829e-02   6.7016581060690153e-02   7.3678195697064519e-02   5.4167048976538852e-02   6.1779560131231134e-02   4.7108758459836406e-02   6.0822021870048204e-02   6.7699870218241920e-02   5.2295718490049999e-02   6.0446891501000063e-02
   4.9586143256020801e-02   5.9590337369008269e-02   7.6853461219203459e-02   7.4878630940488189e-02   6.3531927763585308e-02   5.4972828316216568e-02   7.0569518142679449e-02   5.3001917838810711e-02   5.4460348860747854e-02   5.7178719602469188e-02
   4.0760234601663625e-01   2.8285840252121890e+00   3.0761371311000181e+00   7.7546471135057038e-01   9.5122529412589718e-01   1.7811618294379350e+00   1.8947332834897939e+00   2.6254333983620946e+00   3.3887608625027887e+00   1.4934337503882089e-01
   1.4289106601392079e-06   1.4701570076804317e-06   3.0901800478322173e-07   1.1479745682953753e-06   2.7551546974356972e-07   7.5440504450230326e-07   1.3253870248287912e-06   3.5966229886446605e-07   1.4121755901673135e-06   5.2089137872914208e-07
   4.2704587127472056e-02   3.8331487838662311e-02   5.7805283322155163e-02   4.4122365719179400e-02   4.2872372036823231e-02   4.9793338735887295e-02   5.2881350741050930e-02   4.5076442719991283e-02   5.7222838783065236e-02   5.6122491443658544e-02
  -1.5087899207049427e-01  -2.8614596239326873e-01  -1.4088372531610949e-01  -3.8928474903363108e-01  -2.0088755534498687e-01  -2.7896683750681928e-01  -3.5244197760449936e-01  -3.0313418053477137e-01  -1.6373177769390412e-01  -4.0307426293286774e-01
  -4.3776505569754339e-03  -1.3909004398040960e-02  -2.8422145119936723e-04  -1.4470463808310706e-02  -5.2093185603728845e-04  -1.1783977676455906e-02  -3.0355597657397088e-03  -1.0792829597167760e-02  -5.7404139760843277e-03  -1.3979278199966591e-02
  -9.1063960321081616e-01  -7.8605092929772180e-01  -5.1113393093756598e-01  -2.2574029471845729e+00  -7.1074235850246059e-01  -1.3189794152396426e+00  -2.6825743816032706e+00  -2.3463029795811456e+00  -2.7191013707805904e+00  -2.1353889457279784e-02
   2.5881542387761813e-01   1.4599761808853895e-01   3.4406164720970128e-01   1.7960400449191485e-01   1.7188953387936817e-01   3.3031158440653963e-02   4.4643383344353310e-01   8.0370539876787350e-01   1.3666338165894426e-01   7.0586029574798281e-01
   3.6442809971689027e-01   2.6763636568873245e-01   3.4823906053894932e-01   3.4321473082206444e-01   3.0008563968369539e-01   3.1901649254925879e-01   3.6267636567977268e-01   2.5441661616935674e-01   2.9088655981868022e-01   3.9415632142244417e-01
   1.0369302681778092e+00   8.7067588862989398e-01   1.2717715503275786e+00   1.1388291063452822e+00   1.3485686414812101e+00   7.9696775877151294e-01   1.0046788714740478e+00   1.0027176865478851e+00   9.3396563097098895e-01   4.9033456874089676e-01
   4.3631055540688918e-01   1.6056522964050413e-01   3.8156672530226787e-01   7.5871184238902400e-01   5.6322275123029197e-01   4.1279569192151644e-02   7.7958395943070857e-01   4.2459760776158006e-01   2.5276953200127839e-01   3.8377875723743837e-01
  -3.1171390831573836e-01  -1.9946759083571899e-01  -1.9472738215238736e-01  -3.3202233128531744e-01  -2.1475627144954632e-01  -3.8704866063924737e-01  -6.4935436346274467e-02  -1.6207595794087964e-01  -3.0114020037762257e-02  -2.7395219113153002e-01
   1.2874163571470150e+00   1.2904372782618079e+00   6.2677757134040080e-01   9.7441281005082248e-01   9.0314472737300910e-01   1.1469112885787325e+00   8.8308166886776696e-01   5.3774125576798282e-01   4.3776511223175829e-03   8.0806025657662384e-01
   9.5857242600578130e-01   1.2223874166422002e+00   1.6175334378356561e+00   1.0130991980970006e+00   8.2837597874478930e-01   1.9807070201285288e+00   1.9668893325060353e+00   9.7782879515323451e-01   1.3518168071233339e+00   1.6473760262899639e+00
   3.1541360167717458e-01   3.7938801739879091e-01   4.1372259316477028e-01   4.4483705096638970e-01   3.1355141768683931e-01   5.5085385728592196e-01   3.1178388696239900e-02   2.9572323307088533e-01   6.0842976760638723e-01   2.5806248123927555e-01
   3.8099531044042045e-01   1.3046603500771581e+00   4.2026159250462741e-01   1.6408681284846105e-01   7.8268847511856166e-01   4.4549516928776833e-01   3.2713429575364422e-01   1.2263292853392667e+00   9.5714394244145495e-01   6.7171183276186963e-01
  -5.2608134252879399e-03  -4.9230232390364420e-03  -6.1800265225644925e-03  -4.9511531530134090e-03  -4.9545501614900083e-03  -5.9346144279424336e-03  -5.5495416184497669e-03  -4.9139370189733526e-03  -5.8152789048916079e-03  -6.4466060704359233e-03
   2.2823382202969345e-08   1.1029982744257943e-06   1.9500286516677216e-07   1.2814854521044030e-06   3.9509714392291047e-07   1.1132548384253281e-06   1.3188855967500689e-06   2.1437763805682585e-07   1.2714661691203935e-06   1.3793207058724294e-06
   1.1640623123663225e-03   8.7473520452929325e-03   8.3750562918462525e-03   3.9657745937285473e-03   1.3230700573721246e-02   3.5416418360146862e-03   1.1246310219102280e-03   7.5338932951362911e-03   3.6515271076268379e-03   7.9792043675241033e-03
  -7.2178004421434599e-02  -8.4547106518526829e-02  -8.9544160994082370e-02  -8.9911717140167338e-02  -9.4930599775807631e-02  -6.9529781579139902e-02  -7.8109279848020657e-02  -8.7670713065340425e-02  -8.8934541212713755e-02  -8.9522600823108950e-02
  -2.5198935044459757e-02  -2.5199211793475017e-02  -2.5198556877171707e-02  -2.5199685743313285e-02  -2.5198573745748073e-02  -2.5199435911464702e-02  -2.5199999004388029e-02  -2.5199927143219534e-02  -2.5198548642086472e-02  -2.5199109146091046e-02
   6.9067593377082268e+00   2.1865656314286168e+00   7.3835540291648689e+00   1.5172466395883379e+00   2.1718013231833257e+00   3.8000456647280494e+00   1.6830395786610186e-01   3.5201369288519899e+00   9.0038622669135258e+00   5.9578731374302567e+00
  -1.6892007523218804e-05  -2.0462308132748746e-05  -2.0443141341937466e-05  -1.8608520709398463e-05  -9.1178734976307002e-06  -2.4438097244581567e-05  -2.0987430302577703e-06  -4.8407337259124666e-06  -1.2535112925295767e-05  -8.4256104401692093e-06
  -4.2376537608250793e+00  -2.1836267434741949e+00  -1.7404600276080311e+00  -1.9771805865884189e+00  -1.9411996181887949e+00  -3.1019930640484894e+00  -7.9033346875477872e-01  -2.4223358254912557e+00  -1.4721863293560569e+00  -4.6471851076822812e+00
  -2.3290029264462547e-01  -2.2799993028155663e-01  -2.6473967640477919e-01  -2.3832326723672140e-01  -2.5339292432712135e-01  -2.3520271312682733e-01  -2.6920156690811509e-01  -2.2755243092476943e-01  -2.3160853810544940e-01  -2.3538906545684926e-01
   1.8333037073466962e+00   3.7832171538350923e-01   6.8698795371327592e-01   1.3310613060877159e+00   3.7677829551527231e-01   4.0609927371954901e-01   2.0754597524312306e+00   3.3694212956280112e-01   6.8016875683824052e-01   1.4017123714343422e+00
   4.6112224630444912e-02   2.6508310894603693e-02   2.7992363810610037e-02   4.5154667304737148e-02   3.3002186712252850e-02   5.2154486277632597e-02   3.9014629122102892e-02   4.9917385464818137e-02   3.4251568923755457e-02   2.6728419571364660e-02
   9.6244128923876993e-01   1.1843308009780427e+00   7.0830731042918522e+00   5.2914533600499869e+00   5.0854458592760459e+00   1.9623223718275762e-01   3.7811318038273347e+00   5.7303998497399586e+00   6.5765521667148743e+00   5.4447615090333912e-01
   5.4254228148437419e+05   7.6123540409284551e+05   6.2649494360092725e+05   3.2468491347110551e+05   7.5649995496329723e+05   4.8818841562978923e+05   8.5907352369786578e+05   8.9834554727975582e+05   4.1155543000492244e+05   2.0691706861018314e+05
   1.8159960009078051e-05   2.0079628334028019e-05   4.7988968642747838e-06   9.2742501404612309e-06   2.5604143997896246e-05   8.9747560602739418e-06   2.6190837094122994e-05   2.9582387518365049e-05   1.3226112752088678e-05   2.8668127372658293e-05
   5.2945121494437253e-02   4.0847702487071613e-01   1.0656290146986513e-01   7.9160318891561277e-01   4.7046699316112295e-01   7.4369570497243620e-01   5.5289956877928892e-01   2.3269665041082632e-01   1.6325412268500206e-01   1.3015932658197105e-01
   2.9394932171763317e+00   3.8973417500806500e+00   2.2692235687619693e+00   3.8281119256386362e+00   1.5496106573855828e-01   4.8857356354405246e-01   2.7989242292824881e+00   5.5811584309974460e-02   3.6621394080029765e+00   4.1586094579426938e+00
   2.2156571145538606e-01   7.7225797747359937e-02   2.0820497270583777e-01   2.5627961204484268e-02   2.5078075856553533e-01   1.7707728432246411e-02   6.2740580079404529e-02   2.2090649660982206e-01   4.1836066057796339e-01   2.6528917766191790e-01
   4.7281102793714301e-02   2.4825915210812538e-02   5.2274249907766537e-02   3.7819962406688112e-02   4.5905526246524456e-02   3.8405716087854973e-02   3.2365538323612816e-02   2.7611807582196973e-02   4.8869694159728708e-02   4.9220639220799854e-02
  -8.4763729880867764e-02  -6.3104602941323321e-02  -8.0108496600271112e-02  -7.8210322163856552e-02  -8.0722538966976246e-02  -7.6961181555896652e-02  -6.0736476531730074e-02  -6.3995648981366643e-02  -6.7086520100718944e-02  -9.2945623315297182e-02
   4.4495232120142919e-02   2.8565427677267791e-01   8.1379161961223745e-02   4.4380548919520352e-01   6.3861612734553708e-03   3.1341127806666647e-04   1.0855997818609921e-01   3.3400281820090599e-01   3.4988559742662073e-01   1.5576648291959860e-01
   2.6729837577535571e-02   3.9339099000598045e-02   2.8070032050361692e-02   4.8422198271546937e-02   5.1245113227217670e-02   3.1636631701068348e-02   2.6210234766977231e-02   4.0244107617245763e-02   4.3836792020058163e-02   3.4982403497057370e-02
   4.0028200286397397e-01   6.5517989787416686e-03   1.6174696977725150e-01   2.1379622134041829e-01   1.5422110274791767e-01   2.7247080184419431e-01   3.6046284986909816e-02   2.6973184685403157e-01   3.3700553080192597e-03   7.5290074728360801e-03
  -3.8552270757830402e-02  -4.5137539267889444e-02  -5.2249960875784408e-02  -3.8604814346341484e-02  -4.0227004792337914e-02  -4.3141324267006100e-02  -4.0120955123456259e-02  -3.7610880164592242e-02  -4.5438508281775973e-02  -4.8794889315386947e-02
   4.1807290626926252e-01   3.3679010377168739e-01   3.4805570722282625e-01   8.3183215401820165e-02   2.5671920018981798e-01   2.1439788739906340e-01   1.1993797435927568e-01   3.1474282112391050e-01   1.2355876234476504e-01   1.8550047042764983e-01
   7.5584884225881521e-01   1.4661369173997210e+00   1.5205521235543447e+00   6.5799081017138383e-01   1.7933656798915671e+00   1.1984704406815823e+00   1.5331135353983907e+00   3.7951091269626014e-01   5.0162022337096446e-01   1.0553822060449010e+00
  -4.5188154625724710e+00  -3.2360188232601494e-01  -6.6663867844304314e-01  -8.8414591244153784e-01   2.1440544067361156e-01  -5.2806792854162721e-01  -1.7412089225110186e+00  -3.0617729855682385e+00  -7.1377514581295509e-01  -2.9990156612111161e+00
   2.4816277275446552e+00   1.3115635913098806e+00   8.7894221823257812e+00   7.1134331863529159e+00   5.2201006025376886e+00   3.2112064681894115e+00   7.2394306984185910e+00   4.1459138195177525e+00   3.9603230897307249e+00   4.2485619712021361e-02
   6.1263592007706334e-02   6.9937366242520810e-02   6.7218107052813350e-02   6.2236264993523263e-02   4.6944156988529467e-02   7.8112116255833350e-02   7.5301669446987241e-02   5.9420191253914720e-02   5.6205636800229004e-02   7.7529763095374710e-02
   3.1054998312825627e-06   9.0761126832463830e-07   1.9154572495142191e-05   1.1461546483380677e-05   7.2258083012713265e-07   1.4655258552769985e-05   3.2953009972829113e-06   6.5476109989776159e-06   3.3673941954009917e-07   9.0130207140418522e-06
   1.4078281538652246e-05   2.3825384088939144e-05   3.9705831284851969e-06   2.8495220321853241e-05   2.9509123387989782e-05   1.1395771810045781e-05   2.3535070467720124e-05   8.0073585181062851e-06   2.0630795153787511e-05   3.9844281893836788e-06
   3.5114365462958230e+00   4.3965626634861525e+00   3.3441694984863046e+00   7.8286429310732881e+00   6.6027336826647032e+00   3.9921815891659502e+00   1.5592058672497018e+00   1.9818944714201678e+00   1.9919820473274452e-01   3.2900137108613050e+00
   1.4425346898236485e-01   3.6421457651249173e-01   3.2074250676034299e-01   3.2677612744651963e-01   3.3594448148365597e-01   1.9433113313327730e-01   1.2465410350743578e-01   1.8303054952183356e-01   6.4410720371639696e-02   1.0353817082484018e-01
   2.7306182795717400e-02   7.9918807291175578e-03   9.8028995692757068e-03   3.5072983668611397e-02   1.6271225167561982e-02   4.6828846998012666e-02   3.4246513494518405e-02   1.1087094999909182e-02   6.1796739525120908e-02   4.0801409877859761e-02
   8.8832801918666893e-01   1.5074697793723462e+00   2.6918361606206225e+00   3.9014150978133495e+00   3.9285844398611536e+00   1.5169030092891180e+00   3.3047861786438544e+00   2.7210283229074350e+00   1.9213231413021257e+00   1.0443387867101850e+00
   1.0403288206430458e-01   9.3326069484295351e-02   9.8960009170587157e-02   1.0157889964950230e-01   1.1485109156775732e-01   1.2332077544854950e-01   1.1807188281164190e-01   1.2490295907041846e-01   1.1974164834380557e-01   1.1624412428261392e-01
   1.1605022612211374e-01   9.1663166468958251e-02   8.1722447188396968e-02   9.6338733506021804e-02   8.7532473229969515e-02   8.3646432604190080e-02   1.2764727008060073e-01   1.1725658869565937e-01   9.3710671798650891e-02   9.3587896025376358e-02
   1.2291600091354488e-01   1.2939091567622182e-01   1.0639149840291652e-01   1.2529702484619321e-01   8.3637371105709776e-02   1.2713997055141354e-01   9.9229952682683489e-02   1.1025836758175327e-01   9.7285323678001981e-02   1.2645590319342373e-01
   3.2801101335918492e+00   6.3764442704187303e+00   4.2640722982112313e+00   3.7961771868388978e+00   6.5329611596287602e+00   7.1609196465793303e+00   4.8887196721321153e+00   3.5013981781215118e+00   6.8313039553538459e+00   6.1338958235295795e+00
   1.4686732852109009e+04   3.3194459757196892e+04   1.8101603604788001e+05   4.8903539997025393e+04   2.5295820766411559e+05   9.6946418792248960e+05   8.7322234533184092e+05   2.0046111343997205e+05   6.8944702116377384e+05   1.9251300305696996e+05
   3.1549040148429837e-04   7.5023657907039498e-04   2.4449015304071659e-04   1.6283729097619859e-03   1.9749232298142913e-03   1.1335235824980984e-03   2.8492056258898790e-04   1.4306896268848116e-03   1.2968208052121374e-03   2.0048379209633652e-03
   3.7246728259016724e+00   1.8069790816628417e+00   2.9958418313171009e+00   2.7007022686348119e+00   3.4175305995896803e+00   2.2984436544643456e+00   2.4193004104050106e+00   3.9363743519896066e-01   2.2757206291315564e+00   1.7364137595139524e+00
   8.2112301374622268e-05   4.2518662596937240e-05   6.7275596221668841e-04   9.1347993000495155e-04   2.0051457744700088e-03   1.5052070257336287e-03   1.1518623324648417e-03   1.3346324380299123e-03   1.2060780483164435e-03   8.2308794998953616e-05
   9.4753880298961368e-02   9.4906173925703552e-02   9.5903406823997672e-02   9.5190337255903423e-02   9.5882376277099723e-02   9.6568216622089212e-02   9.4915290411297648e-02   9.5275998487136665e-02   9.5990754994865632e-02   9.6129901586544497e-02
   2.9646800798418804e-01   2.9643876405089475e-01   2.9621167837911772e-01   2.9681223536134421e-01   2.9561401516587166e-01   2.9726219094106343e-01   2.9568317294176877e-01   2.9570410412964665e-01   2.9521864559469668e-01   2.9545625010036486e-01
   7.4399760984442864e-01   7.4291589940259783e-01   7.4290767509213662e-01   7.4294451584393972e-01   7.4333361614752436e-01   7.4255488002466574e-01   7.4290566833061789e-01   7.4371663440758140e-01   7.4272589011523438e-01   7.4333835219318289e-01
   1.0328430415873093e+00   3.0848045687879191e+00   2.9479203363298092e+00   3.0420851645248921e+00   2.0617702726266551e-01   2.1684104172499499e+00   2.1131292390964136e+00   1.5064150656062338e+00   1.7854764374208594e+00   2.5975952386776062e+00
   1.5120168283091728e-01   1.3997653615919534e-01   1.4420366653362424e-01   1.1721942204654186e-01   1.4423823586766907e-01   1.3484281202424955e-01   1.0188678600289022e-01   1.3530230199406337e-01   1.3099322701049407e-01   1.3286888984519180e-01
   3.1851448319999882e+00   1.7100065434203966e+00   1.5840250618070928e+00   1.8335742801094572e+00   2.2275590326942130e-01   2.4758829719467452e+00   1.1257349007054147e+00   3.2237649676082238e+00   3.8061243206850204e+00   6.5161243889212828e-01
   3.1025037069857664e+00   1.6270754360557635e+00   5.0995333006459664e-01   3.5875815126808899e+00   3.6218864680379994e+00   4.0887071388016549e-01   2.7572375374198144e+00   2.2830069274292550e+00   1.4528219727769613e+00   2.5406158801874423e-01
   1.1381590783338469e-01   1.6674643450464666e-01   1.2111162713898926e+00   1.2243833586674318e+00   7.3324467066566701e-03   7.0069325406944638e-01   1.0553968781160912e+00   1.9257614640708574e+00   1.6320453516074174e+00   1.6339458766555832e+00
  -6.1680317400351381e-01  -4.6372805959277952e-01  -2.4272792285002937e-01  -2.5778060970657340e-01  -3.5772097267228953e-01  -1.8057221916938043e-01  -4.2546133613349080e-02   4.8724192781580133e-03  -4.9912399571233657e-01  -4.1295392999229641e-01
   1.2221920071154304e+00   1.3578269318722318e+00   6.9187114046005727e-01   6.5153377007431945e-01   1.3670190850734505e+00   2.5052534456186704e-01   3.7309538651653318e-01   6.8157876622592539e-02   1.4739327686949031e+00   3.7464209846246876e-01
   2.6958216968005844e-01   1.6030912421233219e+00   2.0133671069322769e+00   9.1324736792717864e-01   1.7078588109796988e+00   1.5648346262309927e+00   8.2337282998054073e-01   1.6666171502926359e+00   1.6758803185711506e+00   3.4210187798673775e-01
  -8.2460803751537290e-02  -1.3055110407490533e-01  -7.9099007130982987e-02  -1.2005477586167018e-01  -1.0551696238909235e-01  -7.4739019652602642e-02  -7.1664778720862798e-02  -1.2140436062850524e-01  -1.2411033723183433e-01  -7.0123288177001766e-02
   1.2086168123712829e+01   9.3373173319044049e+00   1.1669555418495824e+01   1.1882235752499518e+01   1.1156238223269499e+01   1.1899298297683162e+01   1.0261218707288593e+01   1.0258846386014495e+01   1.1852126436805996e+01   1.1262148644039573e+01
   3.5610544003261796e-01   1.5640408013278370e-01   2.5242378217970929e-02   1.1689890308410783e-01   2.2321546585832361e-01   6.3701349757063053e-01   5.0222161079836114e-01   3.4114528950510642e-01   3.4078593635711046e-01   7.6514636284661597e-01
   2.2862956262294988e-02   3.8752904658466980e-02   4.8760863551952888e-02   8.0781520242022217e-03   6.1133095471944010e-02   4.3585643215686684e-02   4.2179043298154126e-03   6.2921997822599912e-02   1.0317232461843504e-02   4.9162953944256738e-02
   2.4045066087135950e-03   9.3225876720325041e-04   1.8320030584731144e-03   7.4391657698091190e-04   1.1705664286071496e-03   2.2195083774521778e-03   1.0891926022296777e-03   5.2863304153243334e-04   1.3115416542057771e-04   1.9038477857626448e-04
   8.7982940720231087e-04   1.7511774005805631e-03   1.2749102586994080e-03   5.6440680316363644e-04   8.8347614572753465e-04   6.9623919972138177e-04   8.7514660294177782e-04   1.6773383705419270e-03   1.0070669420584523e-03   4.0828510497338013e-04
   6.8154564354474135e-04   1.8218318522115816e-03   3.4956597280609775e-04   2.0168243523750534e-04   1.5227732744761812e-03   1.5139814776787019e-03   8.1105136124259977e-04   5.0584748426595277e-04   1.1681645034613420e-03   1.4664816604206125e-03
   1.8874198256159358e-04   2.3832614222472478e-03   4.9607921440399637e-04   1.0425135157893788e-03   1.8818350969366624e-03   9.3672573054083726e-05   2.4647811669201874e-04   1.7327317433971231e-03   1.8272088592658072e-03   1.2524110280903999e-03
   1.0162299927404687e-02   2.5311143716470540e-02   1.7583388248665642e-02   1.0043408727176118e-02   5.8583663242757489e-02   3.2660291612283135e-02   2.1287737994772477e-02   4.7563169368277404e-02   2.2215593266153525e-02   9.9642212359963428e-03
   3.3387916753936668e+00   1.6437471351474595e+00   2.2734562413869290e+00   3.3161534680244982e+00   1.4964171605261640e+00   1.0387090856572294e+00   3.3010330334461990e-03   1.6621341469494582e+00   4.0514794624435240e+00   6.9181569647891727e-01
  -7.4169556084351984e-01  -1.2983362718296569e+00  -3.8267582900668287e+00  -2.4684919433465256e+00  -3.1918470145291549e+00  -1.0179684561818187e+00  -2.4827787491905307e+00  -3.9649365303533788e+00  -3.1998098630754281e+00  -4.1156948514916358e-02
   1.7339320463705694e+00   1.9689935975927542e+00   2.9968839609393445e+00   2.3316109279380841e+00  -1.9301220847458236e+00   3.0715518096928163e+00   4.8888075456197750e+00  -6.4948453948012919e-01  -4.6852631963088043e-01  -1.6735893699053883e+00
  -1.8931128304290254e-01  -2.0012374920466236e-01  -2.0813899767451172e-01  -2.1930274295209853e-01  -1.8786452617731408e-01  -1.8964346415937056e-01  -1.9140051900099736e-01  -2.1124892659509537e-01  -2.1438715617161436e-01  -1.9317685408392177e-01
   1.7578228695715804e-03   1.2516608164179618e-03   3.7843602760709858e-04   5.3368359860057565e-04   6.7190853144578444e-04   1.0640271111573029e-03   2.7793496059609613e-04   9.6935006540137324e-04   2.2139904639869798e-04   2.0075035682460217e-03
   5.8160674552922967e-02   1.1662938639565398e-02   2.1180026577599518e-02   1.6917928325912813e-02   2.9877481483782491e-02   3.7746601230073069e-02   6.0170561959584784e-03   2.3757266851584746e-02   4.5356983083634103e-02   1.1852871201011542e-02
  -3.5372055807612401e+00  -4.7891516742520910e+00  -2.0452620468548486e+00  -2.8363382387557499e+00  -6.5241909335186277e+00  -7.7133162482804041e+00  -5.0185652655260311e+00  -7.2788632759230172e+00  -6.0944652543239997e+00  -1.1742362812934264e+00
   1.6595852342117610e-04   2.6486816903190645e-03   7.9923393842813682e-03   4.4447951299381545e-03   7.5468496108023198e-03   6.3470372409872283e-03   8.6879466971795227e-03   5.2689638512446353e-03   5.0176683128701893e-03   5.5215840402771093e-03
   7.7616907570136777e-07   7.6435102697220922e-07   1.2768744566886959e-06   4.8023647815817795e-07   4.3250444057362262e-07   1.2265041454606236e-06   2.3584846306807474e-07   1.3385373483743224e-06   4.2701119161352501e-07   2.7549908013922310e-07
  -8.6594748906990253e-03  -3.1215190965933816e-02  -5.0737793776147656e-02  -3.9892547500841681e-02  -6.0884730507571941e-02  -5.8717241704028915e-03  -4.3456580715828821e-02  -4.6463143234799012e-02  -4.4322238459637946e-03  -1.9798484655335027e-02
   4.1561901526051503e-07   2.8866835576930922e-07   3.8497693694947470e-08   1.3257222930378858e-06   1.3092234972145824e-06   5.9567422863729517e-07   1.0772103656468865e-06   1.2565324717389870e-06   3.0297859438720201e-07   3.5965773448473421e-07
   6.5788855507474167e-02   7.0310489591279016e-02   7.6988564967610140e-02   7.7445196327067520e-02   6.5048638895444821e-02   7.3194197651521395e-02   7.7564320158626202e-02   7.2053188389339884e-02   8.3351106440137102e-02   7.3790486546582337e-02
   7.8031985722405391e-06   9.1079421767203898e-06   9.7622518760111343e-06   1.8726491839778533e-05   9.5387324266403937e-06   2.3983759995752926e-06   7.8705785134577544e-06   1.9629366723993123e-05   5.5149262431899572e-06   5.2779301309218130e-06
  -5.3183032078349547e-02  -4.7026628130353958e-02  -4.2070908502596129e-02  -5.8025001852376586e-02  -3.6338733022861051e-02  -5.3515822034757764e-02  -4.6536163801896693e-02  -4.5448127966748422e-02  -5.6769963503225204e-02  -5.9078287389120271e-02
  -6.6358545011840127e+00  -5.7333224689650013e+00  -7.8493428075698963e+00  -7.2962406527618411e+00  -7.6687030550232418e+00  -5.9165089407253317e+00  -7.1541948019943113e+00  -6.7571507316885526e+00  -8.3364766819956930e+00  -7.4603143831107266e+00
   2.4587719101682570e-02   2.4334779147416736e-02   1.8152861044174642e-02   1.8852704350493726e-02   1.8390665877798355e-02   2.4383725100682069e-02   2.0737363679542493e-02   2.2754068866274672e-02   1.7803327187066696e-02   1.8196781838483753e-02
   5.2372839134200634e-02   6.7699522316757244e-02   7.8003367122970457e-02   4.9661284620441115e-02   7.3700440500570175e-02   6.0654981325260628e-02   5.2377175421292721e-02   7.4410100543880919e-02   5.3285588249878203e-02   6.9672317433661479e-02
   4.7127399181170659e+00   4.7917623093842234e+00   5.7323450936373357e+00   2.7147236025147889e+00   2.2456356180540893e+00   1.5096797260828128e+00   3.0069860039832612e+00   7.4294124952796512e+00   4.4431220280708361e+00   5.2388524590349475e+00
   4.4176424246996308e-03   3.3099834208356119e-03   4.0992155336670687e-03   3.0334039267531183e-03   3.3063463504100113e-03   3.6573546273301230e-03   4.5489819367698315e-03   4.4466405618836845e-03   3.7900611397470620e-03   3.3697004388141302e-03
  -2.8708140813276176e-03  -2.5947487957337832e-02  -7.4607645498493691e-04  -2.5627845073915207e-02  -1.3810800277710932e-02  -5.4356169157248786e-03  -2.3923937634161972e-02  -6.2595386813541626e-05  -2.4247683729979881e-02  -6.6346649118564933e-03
   1.6278648440989994e-07   1.8659445734995140e-08   1.1117948334033915e-06   9.7879872637155872e-07   1.3927959013917448e-06   1.4007400364255080e-07   7.4879845786444884e-07   8.1333015351732158e-07   4.5525490240070190e-07   4.7376526983098244e-07
   6.3539093737850771e-02   5.0271834173543251e-02   6.3047982638279293e-02   4.6645422510063844e-02   4.9926236858220452e-02   6.7935942848215539e-02   6.5737842300509081e-02   6.6076432616785183e-02   6.2749420190972557e-02   6.1912366833613841e-02
   9.7588539345627581e+00   1.1021696339124153e+01   1.2246458990122822e+01   1.1704859913746326e+01   1.1976737727702670e+01   1.0685762448509362e+01   1.0679137067731494e+01   9.4095239879726780e+00   1.2191433056253004e+01   1.0516659398085462e+01
   2.3477418454408712e+00   5.4080348232540780e+00   1.9495220443911603e+00   2.1983835816133128e+00   6.7125432626952168e+00   2.4697139872214979e+00   6.3435779368741301e+00   1.4337621447439841e+00   4.6678342891884368e+00   5.5388481295746779e+00
   1.1613754512413308e+01   8.6327244337553282e+00   1.2276031705266886e+01   1.0206467680723694e+01   8.9262399335360865e+00   9.3963525494580509e+00   1.0867059665081797e+01   9.8115482200006259e+00   1.1272904951523808e+01   1.0794580024443311e+01
  -1.9435942426412645e+00   6.1629500194706166e+00  -1.1399767861997154e+00  -2.2200617496471464e+00  -2.4147308664325688e+00   1.1416696383934763e+00   2.1016245035142473e+00   4.5376241340399002e+00   2.7116183597705079e-01   6.8108800082672696e+00
   2.1998869712501681e-01   2.0843563269404114e-01   1.9289540533351093e-01   2.0470187839530007e-01   2.3218510993309033e-01   2.3419159486735305e-01   2.2938047992169341e-01   2.0159835944688537e-01   2.1709365082253060e-01   2.2327740758877726e-01
   1.2975451838037877e+00   1.3997518915593203e+00  -1.2322759119452353e+00  -1.5079465275493522e+00  -8.3361545953679328e-01  -2.0574486234261558e-01   3.2338974680177581e+00   1.7707262305847775e+00   1.6755968856169792e+00   4.2162264418924911e-01
   1.3486871746319560e+00   6.7721155774316255e-01   5.0580460336123823e-01   1.7706480734379360e-01   3.9250190827552278e-01   2.8223459949879115e-01   7.0001580288044152e-01   1.2873211411721459e+00   9.8903760681510067e-01   5.4482873200898829e-01
   1.9021458552169563e+00   3.7117453392090916e+00   1.9320869592451251e-01   5.4351242777104924e-01   6.8972017290759968e-02   3.7010064370338762e+00   1.1539779101371903e+00   1.5640401721721156e+00   2.1008205932004338e+00   1.7178494478275026e+00
   6.7678806991928742e-02   7.2666391168936320e-02   9.7184244661483371e-02   9.9968808727480610e-02   7.2404308391070316e-02   8.5915460192446488e-02   6.7414796261099752e-02   9.9496125414976461e-02   9.3373756945762110e-02   9.8903282308549195e-02
   8.9052405156674475e+00  -3.5159536942898213e+00   9.5702983686837992e+00  -7.6418008869218745e-01   4.8261523238592536e+00   8.2507830032644023e+00  -1.1024493519424632e+00   5.1783887641052750e+00   3.6310585882272366e+00  -1.7868713333256347e+00
   1.5076859379178815e-02   1.1695369359804499e-03   1.4650041001915762e-02   3.0673302627549871e-03   7.1148939415758145e-03   5.2320486800131755e-03   4.2455847116357800e-04   3.4350446619073449e-03   4.2402930365703561e-03   9.1854390933965718e-03
  -2.3774857925812636e-04  -8.2822759829784352e-04  -2.1955541168116417e-03  -1.7257725552127310e-03  -1.3193392582488488e-03  -1.8149576892034216e-04  -2.5301316838066369e-03  -1.6276220351445028e-03  -7.5294882278400339e-04  -2.7803939664383963e-04
   2.0179557394862910e-02   1.3865169608767804e-02   5.6579485292706407e-02   9.7402181269235881e-03   1.5473103649278688e-02   1.4994408751601518e-02   2.5463785801543078e-02   1.3221802229729240e-04   1.3507595779614554e-02   5.2902448997828290e-02
   2.3554489381284371e-01   1.5112162667920617e+00   1.2900089725024415e+00   1.5557589470968369e-01   1.8401528435652978e+00   9.0402878853072410e-02   8.2630511378641669e-01   1.9494092647065751e+00   1.0579153754923700e+00   6.7563395612871480e-01
  -2.2683031825253546e-05  -2.8627754385327815e-05  -2.0847972466640111e-05  -2.0839510980565804e-05  -1.8840193584644238e-05  -2.2489445864232932e-05  -5.9766178364526650e-06  -2.6707006236922525e-05  -8.1865875749688174e-06  -3.1237242051191613e-06
   5.4796760441513086e-03   6.7137014455494592e-03   5.9660775975195228e-03   5.4595601320570532e-03   5.8673839446674019e-03   6.4891255514174734e-03   7.2899927353303274e-03   5.2040141321792821e-03   6.8147609807106997e-03   5.1523777811179712e-03
   2.2444006359578532e+00   1.1478370380442833e+00   1.5791647080054827e-01   1.2065022500677656e+00   1.3702341648049314e+00   1.5074338446414446e+00   3.7945292295104602e+00   2.1232778019269292e+00   3.1627964577348782e+00   9.6331262241886018e-01
   2.2397851077718485e-03   9.2579287306308313e-04   1.7613757150002033e-03   3.7991241602299843e-04   7.8661276972174718e-04   1.2802559027967598e-03   4.5773033703387016e-04   4.7979880888176282e-04   2.3195676275774239e-03   2.9907859902847541e-04
   1.7180723843795733e-02   1.7180136756796364e-02   1.7180179111165202e-02   1.7180987903087159e-02   1.7180441604206540e-02   1.7179636156847651e-02   1.7180910082846675e-02   1.7179816049318977e-02   1.7180208675866816e-02   1.7180597196208510e-02
   6.5355687661304849e+00   6.5385611178451040e+00   6.4756411083008114e+00   3.1280511204504893e+00   2.7634721474587387e+00   6.4663428058145618e+00   2.2262884117547759e+00   5.5321328240325887e+00   7.3195091091526843e+00   1.4546501974321080e+00
  -2.1455750891302638e-02  -2.0522818620421882e-02  -2.2634123642928917e-02  -2.0731990380532681e-02  -2.5507615779395604e-02  -2.4444808158206238e-02  -1.7978488211535922e-02  -2.3098549347463700e-02  -2.0676671405294941e-02  -2.6029210191247383e-02
   1.2477708448853115e+00   1.4693188025707693e+00  -3.4061205045935505e-01   2.1139061569162552e+00   4.7288867339607576e-01   3.6770415169622639e-01  -3.4310455510395910e-01   5.8574442349695188e-01   2.1042159330702761e+00   1.2017461663552020e-01
  -5.9318157722673091e+00  -5.2780908709819414e+00  -6.8072210680043428e+00  -6.6748131122002201e+00  -6.3422852300709707e+00  -6.7433162130681890e+00  -5.9591541342903440e+00  -5.1250368911698754e+00  -7.0269548975668430e+00  -5.6888719133588257e+00
   3.3900246256744521e-01   2.9735283356499015e-01   2.9087500623818285e-01   2.8630745985054196e-01   2.8039359278093035e-01   3.3333183502615638e-01   2.3788187943876818e-01   3.2162420035452544e-01   2.9168793565898521e-01   3.2498091274266550e-01
   1.3719274831142046e+01   9.8227189396654957e+00   1.5139547755142576e+01   1.5466568935845212e+01   1.0856872741261466e+01   1.4190921856724160e+01   1.3587810420760633e+01   1.0752481117475920e+01   1.3828989913101175e+01   1.6199048528538810e+01
   2.2346442191262195e-01   2.4234774090546723e-01   2.3825150047023400e-01   2.3065346365384767e-01   2.1674729243021645e-01   2.2738614086392836e-01   2.5230659272120004e-01   2.3495573573174941e-01   2.2634361431581829e-01   2.3217024788566956e-01
  -6.7030180715547769e-02  -7.3371749310358017e-02  -4.6275463515793799e-02  -7.3474821041128666e-02  -4.7839070113724340e-02  -5.6237034514176922e-02  -6.5244647486129792e-02  -6.8680666157187903e-02  -6.6350887748397480e-02  -4.8447975209187186e-02
  -7.3298048639530877e-02  -4.3242275042051437e-01  -5.4851552762507461e-01  -3.4024468348073861e-01  -4.0350326708527051e-01  -2.0050339444741549e-03  -5.8882904795380431e-01  -1.5909893247164575e-02  -2.1967486963446795e-01  -4.1996268945523102e-01
   3.3264686236301375e+00   1.8294401234182260e+00   2.7195239298241956e+00   3.0132971791049039e+00   1.7578407318632654e+00   2.8337108783925058e+00   2.7611612342567562e+00   3.0455975261085211e+00   1.8906779581587705e+00   1.8869365578445585e-01
  -1.7418519580754885e-01  -4.6900255927001711e-01  -4.2808425527005600e-01  -2.0863097520846688e-01  -1.6349774051889129e-01  -6.4021885855694149e-01  -4.6260795482244127e-01  -2.4144119476597892e-02   9.2180813898894431e-03  -4.8905736736205058e-01
   1.6334871932911320e-05   1.1433076712746373e-05   7.0339240844612800e-06   2.9161714615412107e-05   2.1205185621738515e-06   7.7483609249058928e-06   2.0992314616460845e-05   2.5109113654136178e-05   7.8877141892635293e-06   2.9290969304090063e-05
  -1.6690360143777083e+00  -4.5610436610648506e+00  -3.9337234822578773e+00  -2.0062979593743107e+00  -2.5127743756413508e+00  -4.7268007647694370e+00  -1.9068244328345205e+00  -1.0802286039422171e-01  -1.5607696014538415e+00  -2.7288163510975210e+00
   3.5320412051214722e-02   2.8806568270108568e-01   3.0523006312962281e-01   5.0633937453961597e-01   1.5766421540743591e-02   6.4002402701839700e-01   2.9782916798092307e-02   8.3870343918968304e-01   1.8857907182835551e-01   5.4278876744877491e-01
   6.9447453855113516e-03   3.3920023441235039e-03   5.2396037659668479e-04   1.4477751459375486e-02   1.3554622705164526e-02   1.0629603036708606e-02   1.0493509925479989e-02   5.9412294929182567e-03   1.9586277850972025e-02   1.6493995309325559e-03
  -1.6485328336131391e-01  -2.7843563585584785e-01  -3.0208500116191805e-01  -6.5827538667961816e-02  -7.2729277237695150e-02  -2.3368804968016571e-01  -3.9633347846088218e-01  -1.1284109673844558e-01  -3.8138259200379498e-01  -1.6681315626578730e-01
   3.3855399579291490e+00   3.0964811245637334e+00   3.3069364257714451e+00   3.2661910209742837e+00   8.8092093226439139e-01   2.0142548017033088e+00   2.5825861374313663e-01   1.8919620864028093e+00   9.0105703529129588e-01   2.0817707984881850e+00
   9.4445019534309629e-07   1.0619206819809784e-06   9.2682533227784211e-07   1.1510007726586322e-06   1.4172591822564112e-06   1.7677569214829722e-07   1.5828749582018019e-07   3.9154162791802600e-07   5.4036406606066221e-07   9.5933672421885668e-07
   4.5894597274883236e-02   5.2297388933541321e-02   5.1260021163159558e-02   5.2705227337698904e-02   6.3329863436338757e-02   7.3953264968703039e-02   6.5464008121057501e-02   5.1983256714260809e-02   6.6972510978271241e-02   7.2514719177441234e-02
   5.6917480858648159e-02   7.4500907485481493e-02   7.4225538115234233e-02   6.7991751833331726e-02   4.7122312044948156e-02   6.6669836699213877e-02   6.1983159632193169e-02   7.5053169545758219e-02   7.2452490408906514e-02   7.1609343307250037e-02
  -4.0770001382566212e-01  -1.2968353465714946e+00  -3.9738581382808436e-01  -3.0653878735623374e-01  -7.5832315666077277e-01  -2.9543262276276849e-01  -1.1874791078531282e+00  -6.8632359225449324e-01  -1.6062578441204600e+00  -1.9904125446305989e+00
   1.9686181696561043e+00   8.4845471244003423e-01   1.1628125206900799e+00   1.3440585324967262e+00   1.0696593357426571e+00   6.4529846552443160e-01   5.4919786881441501e-01   1.6501607076580975e+00   1.2780921014422701e+00   2.0376410607893098e+00
  -1.1891993957201259e-03  -1.1448491408528290e-03  -3.2563435619002267e-04  -4.3764825252678736e-04  -1.2536067020557169e-03  -1.4517727424023497e-03  -1.0700100366103906e-03  -3.9231236769455766e-04  -1.2987704632790040e-03  -7.5093422519882549e-04
   2.3277958850414573e-02   1.9059058680874003e-02   1.7063975640386187e-02   1.9093875819004440e-02   1.7099229624217158e-02   1.8908547695177899e-02   1.6272931793428185e-02   1.8558475202349045e-02   2.0234469589452568e-02   2.5714804443705472e-02
   1.7529242476050168e-02   2.1115889149738287e-02   3.8352174617480306e-03   6.3038444777674618e-02   5.9569495844626695e-02   3.8994129608531464e-02   4.6690951660950296e-02   5.9822928369382286e-02   5.1929230241581484e-02   3.5518951685223850e-02
   1.0091287002445678e-06   1.0043374051872374e-06   7.2763403715148585e-07   1.4429284730853716e-06   3.3650219772922147e-07   3.1714927240201725e-07   5.7017041537406362e-07   7.4367979410233147e-07   5.9515150734990782e-07   4.3525521752066100e-07
  -1.1634220462697983e-01  -1.4777889315614723e-01  -1.1974389365623371e-01  -1.3664676888589114e-01  -1.4592356465704950e-01  -1.4487885084599117e-01  -1.4725559074587621e-01  -1.0918894900755266e-01  -1.3316285108984488e-01  -1.5226855065546541e-01
   9.4357517710975269e-01   1.4011142233309375e+00   1.5334287944749458e+00   1.9154527507228307e+00   1.2307833782090518e+00   5.3026543751712230e-02   9.5209389645707820e-01   1.5824477420641978e+00   4.8373731101096007e-01   9.5355923797048070e-01
  -2.3519692626677333e+00   3.0730419658630431e-01   4.9520987451235436e+00   4.7904676603472254e+00   4.0145237766760387e+00   4.0030172164999422e+00   3.9007958068808088e+00  -5.3495645827578264e-01   3.0754199346078330e+00   1.4953661169598380e+00
  -1.4338615886713946e-01  -6.6743693409608607e-01  -1.6952217354658781e+00  -1.6728849823645819e+00  -1.7716543308374479e+00  -6.5722482399215854e-01  -1.2432337116382539e+00  -1.9848059195073113e+00  -1.6519671947969043e+00  -4.8952541962442575e-01
  -3.7861324668469312e+00  -3.4715299735971641e+00  -3.1284506507781682e+00  -7.5443036843791655e-01  -3.9287421745928461e+00  -3.1707884238777262e+00  -3.2765184514933834e+00  -2.9764257480295297e+00  -1.6152074808782868e+00  -2.7986878090990275e-01
   1.1111483651817565e+01   9.2183213952999399e+00   1.0059564247725890e+01   1.0238752042537811e+01   8.9900188650363901e+00   8.7694588006073975e+00   8.1924807658017027e+00   9.5548839343156278e+00   1.0306144873130322e+01   1.1689056400259412e+01
   1.3501051609406391e+00   7.3952162081795314e-01   1.2886923015811869e+00   1.3654147648279371e+00   8.6524117727685868e-02   7.5607720451415417e-01   1.2863460712926384e+00   1.0153586445253269e+00   6.1798984170484517e-01   3.4759746371115757e-01
   2.3418048639331883e-03   1.2949035505107030e-03   1.4122708205395213e-03   2.4275446258498539e-03   1.1358721831676499e-03   1.0052603789746733e-03   5.8454070865603667e-04   1.9482281021738969e-03   1.1378487904759641e-03   2.4817951915652599e-04
  -1.9770584125648728e-02  -2.0347414698120202e-02  -1.0326360472677050e-02  -2.8552614340477192e-04  -1.8835639126334444e-02  -1.1447195241987292e-02  -5.3652943358073208e-03  -1.7728054915089594e-02  -2.8344080995727945e-03  -1.1689443541465420e-02
   1.4112496454089783e-03   1.8450496701647233e-03   5.2227336601134511e-04   9.1886221867279276e-04   9.6817030201837805e-04   5.4526893856510976e-04   2.2236033312835130e-04   7.8089996027481316e-04   6.5900744101992509e-06   4.6224606857991749e-04
   3.4628328719684276e-01   1.6973757561517425e-01   2.9654047185958848e-01   2.9407254042976949e-02   1.6794459463137687e-01   1.9723014179275367e-01   1.1843199422076831e-01   7.3263453700270709e-02   2.9587227042671010e-01   3.2414451286938795e-01
   1.3886137727718065e+01   7.2153087874983717e+00   1.0390183511796286e+01   1.4952261707465581e+01   4.8400395993757490e+00   8.3387710846513894e+00   6.8394687877350719e+00   1.3113470397357005e+01   7.6287795430765426e+00   8.6010876393328779e+00
   1.2421516655726805e-01   4.3023399599306983e-01   3.3120371527776582e-01   3.3990602599936848e-01   5.2726167819626946e-01   2.7665441483185826e-01   2.4943822052471334e-01   4.4827119277025013e-01   6.1954237903112130e-01   2.5824027756224915e-01
   3.6342388776228063e-01   2.4617963581209259e+00   6.0553487381709381e-01   2.1763553479546549e+00   3.5622304608359845e-01   1.0129012952653200e+00   2.6400822531600618e+00   4.3415726187094688e+00   3.2126318346265723e+00   9.5755184587312137e-01
   7.4915573943179403e-01   1.9590157522598939e-01   4.8487362595687955e-01   3.0921642518402320e-01   8.4808859935574021e-02   1.3995996649537989e-01   5.8405512528610026e-01   5.4249829598878563e-01   1.3770903053942746e-01   4.3250130432966449e-01
   1.7459416486770274e-01   3.1915354413368846e-02   8.8676763877554021e-02   2.2461337138335602e-01   2.5828914250328955e-01   1.9671773722451796e-01   7.9498398757587074e-02   1.7508142658958264e-01   1.6156371509480461e-02   2.6376528368385166e-01
  -2.5812588412385422e-02  -2.5734091726106592e-02  -2.7680909514253609e-02  -3.6875398780314476e-02  -3.6115382505439046e-02  -2.9507574177966477e-02  -3.1224229091785235e-02  -3.2029901539133751e-02  -2.9124824155419025e-02  -2.7436974375770837e-02
   3.9361923438958153e-03   2.8904150696717444e-03   3.2990610166602412e-03   3.5817334309009644e-03   3.9974633122441487e-03   3.3402150286922787e-03   2.8566110616872332e-03   3.9027851189977806e-03   2.7385731662972275e-03   3.9874642653958065e-03
   4.0452122179942922e-04   9.2765223728471114e-03   1.0201504303151601e-02   1.6805889352666738e-03   8.8507031807345728e-03   6.1878594661470493e-03   3.8576063750254369e-03   1.9520950935758910e-03   6.6518747187404286e-03   9.0580605257261967e-03
  -1.3511219467292258e-02  -1.8354777426297056e-02  -1.8024232291754406e-02  -2.0770026306455424e-02  -1.6387861125029518e-02  -1.7024153461817029e-02  -1.3344199693468220e-02  -6.0080774935512915e-03  -4.5950516920543853e-04  -9.2279783123442108e-04
   9.3053610269998046e+00   3.4874888139393074e+00   8.3022456567105003e+00   7.2164748246344006e+00   7.6669311031698024e+00   7.9136674249149550e+00   1.7698219967081386e-01   3.4322613563344997e+00   3.6846367734629708e+00   5.2828764539332411e+00
   2.2175154664419958e-01   3.8394318070107103e-01   6.1641717252905570e-02   1.7129424400665033e-02   2.5238308162000156e-01   4.0822024799602985e-01   2.4959515754852585e-01   2.8777256866153261e-02   1.0664861307841483e-01   8.0419533946251148e-02
   2.9834568243252013e+00   2.2783337955194423e+00   1.9026265343483288e+00   3.3871686967319290e+00   3.1905296125979126e+00   1.6362706495807435e+00   1.4548354438249489e+00   3.7865534475919578e+00   3.9221894050305481e+00   3.3193733408998227e-03
  -2.2662497963991613e-05  -5.2487688155105064e-06  -6.9948710427674901e-07  -2.0207788855988844e-05  -8.6229126203519597e-07  -1.5644953280378261e-05  -2.2269776931195760e-06  -4.5690681060342262e-07  -4.8766006182435359e-06  -2.1065533783877365e-06
   5.1004401824483396e-02   3.7142881108279138e-02   4.1203904121437263e-02   5.0097196991897540e-02   4.7051543737291417e-02   5.1524910174310226e-02   4.9741843302863090e-02   3.8858159872353561e-02   5.3519468507972630e-02   5.0669560530254905e-02
   1.7586847555291016e+00   2.7124421116958395e+00   5.6304399210042999e-01   1.9905442898798884e+00   6.6755783069530628e-01   7.2984713635916121e-01   5.4774044059771398e-01   7.5383396614405207e-01   3.2167821052952807e+00   7.6241983709136107e-01
   5.3581452340645253e-01   7.2051894910599867e-01   3.7530436713574228e-01   3.8242254212467075e-02   2.4217473545459223e-03   3.8465843694188034e-01   7.3027343414949974e-01   1.4010777405456842e-01   7.3805527537295790e-01   4.6039692118178821e-01
   3.3161134574436071e+00   1.2860851488826315e+00   2.0028760645322401e+00   1.7533751176037908e+00   3.6266238056415050e+00   6.9377954694892097e-01   3.7662203539028791e+00   2.5886029193643840e+00   3.4859850837049215e+00   3.3826143627760930e+00
  -3.4376799417844932e-02  -3.5876349601574556e-02  -2.5282540203269567e-02  -2.7574157559597391e-02  -2.1018962487832943e-02  -3.9496876270882865e-02  -2.7640000731023566e-02  -2.8798083213153670e-02  -1.0861377107946124e-02  -7.3840211991805030e-03
   4.9270577030566998e-01   4.8998315384909186e-01   2.7416349807210982e-01   8.7776480343756902e-02   6.2214126905673017e-02   6.6871258756071739e-01   3.1752385530855476e-01   6.9775981187224545e-01   6.8252319465536782e-01   1.6500559266575765e-01
   7.6195048282928246e+00   8.9028099746999079e+00   9.6513314233363161e+00   8.8047234482439158e+00   6.3134876904073387e+00   9.2120207050952345e+00   9.4170464311732509e+00   9.3431850280394695e+00   8.9779132329896356e+00   9.5516617736875524e+00
   7.1514641219848096e-01   3.8437446344918968e-01   5.1544788057923407e-01   5.5562517459707961e-01   2.5103063254036767e-01   3.6871315646672137e-01   5.9027712137067190e-01   5.6514978056081011e-01   5.5966748879162098e-01   1.1164415052084420e-01
   2.9327992296548766e-01   3.6834223165674898e+00   3.5808720881490563e-01   1.4780419519170156e+00   1.1413558269084643e+00   1.7604826669270413e-01   2.9678809880634978e+00   3.5722593861159653e+00   3.8559175696604528e+00   3.3869070625129081e+00
   3.3486954837249985e-03   3.2860331986194610e-03   3.5315898014097471e-03   3.0421713178284426e-03   4.0876085453533653e-03   3.2533428657682655e-03   2.9159654410162448e-03   3.3328965149939846e-03   3.6200512730556206e-03   3.0548126850076848e-03
   9.3326818447230231e-03  -4.9565693986102644e-01  -1.2041693834137495e+00  -7.0422761918111321e-01  -2.1223711481354872e+00  -1.1242990428044508e+00  -4.1169991239024561e-01  -1.9005366680391766e-02  -3.9424877128503910e-01  -1.8445834331215101e+00
   2.6662298469078647e+00   1.8974867462254346e+00   3.2683306197513953e+00   2.1085995029821802e+00   1.5967765529640987e-01   1.5313652805678077e+00   4.8541379985633237e-01   2.1759077269188656e+00   7.0293261135201313e-01   7.4822095255317889e-01
   1.6019235214334648e-01   5.7682117906414365e-02   1.9497306853867963e-01   7.7438493770634598e-01   6.3007431142756087e-01   2.5928455921617855e-01   7.2520865843049886e-01   2.6734617735262128e-01   1.9568120181508561e-01   6.3931325917856718e-01
  -1.8290530670570568e+00  -3.3680920036924356e-02  -1.9641653345211998e+00  -1.5790040684901516e+00  -3.8818352576168791e-01  -2.0923901864099497e+00  -2.7597263621240486e-02  -6.1258916112580053e-02  -7.4022856708039675e-01  -4.6504023670071415e-01
   9.4578254257166747e-02   7.4283152437444530e-02   9.5042210794999013e-02   8.9558128021206107e-02   7.7977719756828240e-02   9.3124684026280116e-02   7.4551263185143962e-02   9.2812086339524563e-02   7.7149335157632351e-02   7.4827460525302425e-02
  -5.7272508716622171e-02  -6.1480181571755797e-02  -4.6265677582942297e-02  -6.5105749947682881e-02  -6.1414835871008266e-02  -5.3242231564727058e-02  -6.8535534565704048e-02  -4.9756061514069055e-02  -4.8302394682019759e-02  -5.9341081117175683e-02
  -1.7844105117820430e-01  -2.0806346115649084e+00  -2.0294952107014019e-01  -2.0630537154392723e+00  -1.0142653236078492e+00  -1.1874644364164042e+00  -2.2561034392424517e-01  -6.2675435290104375e-01  -9.4953337472913124e-02  -1.2793470680295922e+00
  -3.3291238399065453e+00  -2.1370875578917237e+00  -5.2491370766472989e-01  -3.3664245418957357e+00  -2.9055067050548127e+00  -1.8849738662089182e+00  -2.6546432484890916e+00  -2.4959304634083117e+00  -1.9026150166845193e+00  -1.1635966260733426e+00
  -4.3737565744038776e-01  -1.5900851307373838e+00  -1.1495827068066478e-01  -1.2719980307327816e+00  -7.8370708423008528e-01  -2.6677617093940553e-01  -1.3283765404022738e+00  -7.2939176098403069e-01  -1.8970123016961962e+00  -8.5199993066116697e-01
   2.1397925655780381e-01   3.6956781018609042e-01   5.3098699742549021e-02   1.7278162262304342e-01   1.8463436886870249e-01   3.9638467486227430e-02   4.2893340395407786e-01   2.7162700684579894e-01   3.1870335174132325e-01   1.1098368589877644e-01
   2.6762954805292370e-03   2.9734116609367676e-03   2.9942015119666502e-03   4.1620109061951249e-03   3.6766719569910284e-03   2.6420886021970222e-03   2.8986347722855716e-03   2.7543816762846470e-03   3.2129807604476413e-03   4.2934269136336760e-03
   2.0662630644329539e-02   1.7836660709898800e-02   1.5982480738288375e-02   2.0594509776639031e-02   1.0033880508404241e-02   4.5495642028109424e-03   9.1661141341580106e-03   2.8670598413449346e-03   1.9267282791384319e-03   1.7029593395182868e-02
   2.0552360930716320e+00   3.4943893966126245e+00   8.9514605815295312e-01   2.1633035508215515e+00   4.1722946677015011e+00   8.8210201624104423e-01   1.7758114114330519e+00   2.7392761536811499e+00   3.1199724354359226e+00   4.8079366226480746e-01
   8.1722670586087281e-07   1.3869185540326129e-06   8.8893742567764626e-07   9.9353390869442203e-07   1.6100256942516991e-07   1.4206884374185659e-06   4.6040857578765006e-07   5.2485674810210544e-07   1.3514802633428939e-06   9.3412746082002643e-07
  -7.1522552593864738e-02  -8.7065467588007026e-02  -6.6880089535433562e-02  -6.3498328658233044e-02  -8.0478698105569582e-02  -8.7855335191905429e-02  -7.8910947330881609e-02  -6.6406241097841157e-02  -7.1431111067390793e-02  -8.4376196962340402e-02
   6.1366321783621256e+00   2.0259008787277271e+00   5.2917454786651446e+00   7.0304857391738320e+00   2.8741977927230078e-01   9.2098333023998684e+00   4.4218408895395642e+00   7.9978268955404213e+00   2.5263878729478075e+00   8.7886924512299842e+00
   5.9552090874942863e-02   4.6862037022138918e-02   4.6858123215044047e-02   6.3392576478251458e-02   4.7076643202778636e-02   5.3251672320040633e-02   4.7613615132692667e-02   5.0410656427387818e-02   4.4493226866820661e-02   6.1034661024957380e-02
   2.0390736090888842e-01   1.9290792590757255e-01   2.1938141175397460e-01   2.3422873977910952e-01   2.2712545609517265e-01   1.9343076004538443e-01   2.0742857293335334e-01   2.0289025821848999e-01   2.0582555451958684e-01   2.0855834626896003e-01
   6.2714743833971812e-02   6.1176495919406111e-02   8.3395276507011312e-02   7.1266416918419201e-02   6.5277568973393166e-02   7.1072186542996546e-02   6.0468751896441277e-02   7.2951117373166480e-02   6.2563367823914279e-02   7.7041615983428832e-02
   1.8847615645551992e+00   2.5914560917608531e+00   3.9062852469255223e+00   4.0684179720583602e+00   1.2364698649842807e+00   2.1930413326793934e+00   1.0284715105517253e+00   6.9571923353818210e-01   2.2748814395478525e+00   1.4947611608835323e+00
   2.8216205702251207e-01   3.8011516993808897e-01   8.2302947137879656e-01   1.1441235799953964e+00   1.7399681510390785e-01   1.0621923463406149e+00   1.0722452114886034e+00   1.0060202982445885e+00   3.9625719122616504e-01   1.1471326300508875e+00
   2.5199047675211347e-02   2.5199422060694688e-02   2.5199261117264237e-02   2.5198556065722955e-02   2.5199735637341538e-02   2.5198669344377318e-02   2.5199501042133948e-02   2.5199166076022517e-02   2.5199173337060166e-02   2.5199675548558245e-02
  -1.6966212262036745e+05  -8.0253177571347752e+05  -8.8499245083930274e+05  -1.2805948706393724e+05  -6.6198748826198291e+05  -6.6673084449165221e+05  -8.4042371438073111e+05  -2.4937002804548133e+05  -7.9774739821982523e+05  -6.6793001027814718e+05
   5.0395276311178366e+05   9.2363136785838380e+05   1.0098804746263084e+05   9.4200739669220999e+05   8.8213065150346048e+05   6.2669770342837076e+05   7.6289228445004066e+05   5.6763704735483672e+05   3.5789749983036844e+05   5.1007078074809845e+05
   9.7392691844302016e-04   9.5547272458751452e-04   3.1898600355952664e-04   1.7207320037686985e-03   7.5591260162417753e-04   9.5531654715451386e-06   3.1526193581064388e-04   1.7390108750838127e-03   1.1007503899849184e-03   1.0549314306208069e-03
   2.2418563936471814e+00   7.8175009949503282e-01   7.8072995168351564e+00   1.4826127856152489e+00   4.8876932097898562e+00   5.0334099695411654e+00   2.3056188924788490e+00   3.3805741890719698e-01   4.6129504844970226e+00   2.0116497015135972e+00
  -1.9441168926861412e+00  -1.9194163131949669e+00  -2.2079518017225128e+00  -2.0399512091564618e+00  -2.2030481870475400e+00  -1.7509421407493977e+00  -2.5706749632199721e+00  -2.0207805805628465e+00  -2.1767520162746647e+00  -2.2451407041972233e+00
   2.5622856003482468e+00   1.0590101296166239e+00   1.4834400446531082e-01   5.3258336974921661e-01   9.4471326167801628e-01   5.3480958410473567e-01   1.8065341353347257e+00  -2.8106077734621948e-01   1.2913226344116511e+00   2.2948610159679528e+00
   2.6567999897330941e-01   1.7780180202691184e-01   1.3369684692198464e-01   4.3647226329887739e-02   1.2455957190648514e-03   1.3317783851584500e-01   3.5867741491217286e-01   3.9077214353183920e-01   1.3229632365741117e-01   1.4571506348713725e-01
  -2.6052936535539373e-07  -1.6310610648599510e-07  -1.1931345256946289e-06  -1.2742449829831617e-06  -3.8606758208054715e-07  -1.0880029866172346e-06  -4.3565973718529277e-07  -8.6925293974749720e-07  -9.4493184640526054e-08  -4.9623178693070848e-07
   5.2210944379212068e+00   5.9063254065303576e+00   6.5734101400443601e+00   6.2887928866098601e+00   5.8308514653953027e+00   5.3317190206219749e+00   5.0721247737771389e+00   6.2304439926120301e+00   6.9803579475031201e+00   6.7640804755074369e+00
   6.8721097299240960e-02   4.9412524590136973e-02   6.3526446725373803e-02   6.9534596678817617e-02   5.9367872270706244e-02   4.6450057940738219e-02   5.9143620324803754e-02   7.3234791882107908e-02   5.6588572254806666e-02   4.5535412720600507e-02
  -4.2474788420273346e-01  -8.5252701370682815e-01  -1.7214751803839694e+00  -4.3719512954097706e-02  -7.1847540347793770e-01  -2.9190993801612795e+00  -2.6736437060774092e+00  -3.2158833682216859e+00  -3.1615591150227971e+00  -8.0083173561233445e-01
   1.4802835623863456e-06   8.5904820693173011e-07   3.9797725638117771e-07   1.1799795798579362e-06   6.0897318507861868e-07   6.1385479075099854e-07   7.6619257823534656e-07   1.2480930461015439e-06   9.6067324081298168e-07   8.0773929431380012e-07
   3.1060941778693160e-02   4.9956636270098970e-02   2.3591633855105581e-02   4.9345724566985431e-02   2.6868639208120527e-02   4.3038575754724688e-02   2.6598629001650470e-02   3.5543648866100827e-02   3.0698322327878919e-02   5.2777831312403295e-02
  -2.4708408122026473e+00  -1.8360554333397778e+00  -2.1031653772760639e+00  -2.5389277763290030e+00  -2.1933359525923461e+00  -2.4561519572611807e+00  -1.8727051489818629e+00  -2.4760672474922854e+00  -2.1236088980132792e+00  -2.2389439341980402e+00
   5.1127303943923608e-01   2.1999922698506102e-01   5.5816366468252843e-01   5.4240158230074664e-01   1.5135656641757209e-01   4.9757824384977056e-01   3.6386064365480525e-01   1.9251552836683944e-01   3.7767516437270454e-01   6.0285468710475820e-01
   3.9709477791924370e+00   3.2308485447146009e+00   5.6402819008153049e-01   4.5640428030724278e+00   2.5927722986459432e+00   3.2599651948379993e+00   1.8623929494898586e+00   8.2030641440326435e-01   1.9607194897127904e+00   3.3810566660983365e-02
   1.7179974286869796e-02   1.7179542274241753e-02   1.7180062039487676e-02   1.7179822448958791e-02   1.7180532446243634e-02   1.7180246835301699e-02   1.7180561274792162e-02   1.7180107822003771e-02   1.7179882392934154e-02   1.7179830009941263e-02
   3.4784204469376601e-01   4.2777736726604028e+00   1.5984178713576913e-01   1.7108732134199998e+00   3.4831977569653723e+00   3.4967578816002756e+00   6.0007549336338339e-02   3.1673363565028403e+00   1.0004429266781287e+00   1.9131799218219301e+00
   2.5871159935877452e-01   5.3719569330536632e-01   6.8991079101856645e-01   8.7003511846919290e-01   4.4278170583704279e-01   3.7095176473526142e-01   6.6296561141351429e-01   2.9323755670944912e-01   3.9645512181232762e-01   8.6937053469113623e-01
  -1.1210146520265452e-01  -7.9806592879838184e-02  -1.1765370397143014e-01  -1.3166123827737294e-01  -1.2513070034697413e-01  -1.1992433643562472e-01  -1.1198148779800175e-01  -1.2222377288653796e-01  -1.1926854589335945e-01  -1.2197910525484595e-01
   2.0321891851069416e+00   2.3316368433143619e+00   9.8272647119767953e+00   5.3003978133674616e+00   2.6094589798364769e+00   4.5139888278813816e+00   9.5417486674454182e+00   5.5004530716667217e+00   3.3212722384512379e+00   9.0159911302301072e+00
   5.2696653388463908e+00   6.4574896659897938e+00   6.5705018380520492e+00   2.9762351791742310e+00   6.1765072237598897e+00   5.0162950316228594e+00   4.9976361771910147e+00   3.6071132311126854e+00   7.0289106837714304e+00   7.6599711425748049e+00
   1.8709164111601240e+00   2.6362831142395584e+00   8.1901649799874310e-01   3.5857564346901079e+00   5.6664192973925021e-01   1.1209464133390710e+00   4.2094499208407754e+00   3.0090230107411471e+00   1.1534941199768427e+00   3.3738809366159122e+00
  -2.9908030405567598e-01  -2.2489627483069236e-01  -2.4048067714899105e-01  -2.4599740581356624e-01  -2.1525856384870168e-01  -2.3783852542382483e-01  -2.1372450798875134e-01  -2.2005718722313183e-01  -2.9290617969666821e-01  -2.9265088847026682e-01
   3.1526493145738739e+00   3.9966976130075880e+00   4.3828340524901144e-01   9.0877605012554663e-01   3.9897338863668610e+00   1.8832049311406807e-01   3.4424640858845410e+00   2.4110641215773594e+00   1.1190176643913052e+00   7.0718227043899029e-01
   1.7791917906190174e-01   5.5744181763583228e-02   3.9290485009887333e-01   2.9922669972592025e-01   1.3036009662579012e-01   1.6418685386489823e-01   1.7412573097199785e-01   3.6106505452940252e-03   3.2197897773743001e-01   3.5299035157922876e-01
   1.0461530944871753e-01   5.5248473826528255e-02   4.6101554456282196e-02   3.1266884883253032e-01   1.4478207325098913e-02   1.8061423421014572e-01   3.2870251021775898e-01   1.1688385503623332e-01   6.4437614098151547e-02   8.2340617133287386e-02
   8.6115584634221476e-01   8.0743009925448217e-01   8.5255939728966645e-01   1.3576559351138733e+00   1.2467647379735300e+00   6.4291996377536864e-01   8.8199325749085911e-01   3.5505430341932315e-01   3.0823242833882047e-01   4.9877817204961800e-01
   2.6507428188210981e-02   1.9752840822356496e-02   2.4912488786630039e-02   4.2762726516617951e-03   1.9907377926401619e-02   1.9266896793954942e-02   1.4673984623632492e-02   3.3889596833090299e-02   1.7134023422273909e-02   9.8665032582077178e-05
   5.1223442220883886e+00   5.3785652797069483e+00   4.8821876661973418e+00   6.4520216759770790e+00   6.2928265106751535e+00   6.9758653218235107e+00   6.1215233147921886e+00   5.8289553164026078e+00   6.1297365861074322e+00   6.9853207917846349e+00
  -6.2726120394918705e-02  -9.0679005564178447e-02  -9.0751126727995762e-02  -6.1117301737609653e-02  -7.4720461716171777e-02  -8.0001378494852379e-02  -7.5595493191607480e-02  -6.4869166719689342e-02  -8.0569961465882731e-02  -6.5644904344539734e-02
  -9.3323203379894410e-04  -2.2147233800495852e-03  -1.2934830863470688e-03  -2.1639876980257063e-03  -7.0179636286855462e-04  -2.9302641327647047e-03  -3.8279883054187381e-03  -2.6589149107977962e-03  -6.1196389002887708e-04  -2.7720381540169811e-03
   7.8320603000688549e-01   1.8450119749560512e+00   1.7980301532802727e+00   7.3813703591277824e-01   1.1162285740153672e+00   8.1490067304119507e-01   1.3106100302872301e+00   1.7190954114146255e+00   6.9643727882810480e-01   1.3193797875751576e+00
   9.0497042867897677e-03   5.1902501235041552e-03   4.1128114084947346e-03   6.8321667259713375e-03   8.3257588279175704e-03   9.2677807146140413e-03   4.5485480899703189e-03   8.0146963770562352e-04   7.1155696779566860e-04   6.9398974931263648e-03
  -3.7955144220706495e-03  -2.8590693572794041e-03  -4.0778146821972838e-03  -3.4039059743779334e-03  -3.2047930520213621e-03  -2.8023278348765376e-03  -3.5522533270804244e-03  -3.8884452040453465e-03  -3.3479229733539874e-03  -3.3794216006404272e-03
  -5.9496992774004580e+00  -6.2446889007644186e+00  -5.7826122234850965e+00  -8.5161829099457371e+00  -6.4492099020465803e+00  -7.1802823589728098e+00  -7.6378295232352933e+00  -6.5760618042787504e+00  -5.9927881668265881e+00  -8.3777726537689468e+00
  -2.9140549682820843e-02  -3.0290577264570330e-02  -5.3709302814741428e-02  -2.5440360313155858e-02  -2.6209293931058829e-02  -2.9859971752762407e-02  -4.6468668774487118e-02  -3.1783067367417137e-02  -3.0488442335802245e-02  -2.6738655684280264e-02
  -4.8854082482788677e-02  -4.7875498590246063e-02  -3.5418974789246396e-02  -5.5372487788935679e-02  -2.7744183924174111e-02  -5.2108607765576645e-02  -3.7469362405749065e-02  -5.5639160473385754e-02  -4.1934537869445766e-02  -4.9959487680068741e-02
   1.2283707772185353e+00   2.0640933284006033e+00   4.6069743358839466e-01   1.5984295300616935e+00   1.1093704880921540e+00   3.5963507977328630e+00   2.8922758563885367e+00   3.7099634387707541e+00   6.1147917611623703e-01   1.5518825330297825e-01
   1.4184486504107974e+00  -3.5540985250685568e+00   1.1998987907447227e+00  -3.4012178435920997e+00  -1.8182148222412126e-01  -2.0614566001507186e+00  -2.5498377433856456e+00  -2.9740297209296768e-01   1.1758987538413734e+00  -3.0911716675753746e+00
  -7.1112186803971977e-03  -6.0488719489564351e-03  -6.3761336030087037e-03  -7.8566925298238777e-04  -3.0163753275730823e-03  -5.8758621627656715e-04  -3.7494402894652124e-03  -3.1110146431236906e-03  -6.4409952227862180e-04  -7.8618273501962575e-04
   1.5335838996806694e-01   7.4271288878101571e-01   1.6124036684885823e-02   3.9110792188092791e-01   9.8874534141031623e-01   3.3998712782116697e-01   9.9426572965726134e-01   9.6478600216720012e-01   2.8436033585511095e-01   1.0535811393523549e+00
  -2.5551485302952042e+00  -1.4509273748100990e+00  -3.8464910407580462e+00  -3.4872513853865659e+00  -3.6367590745350054e+00  -3.7430153174677643e+00  -1.5357047411212723e+00  -7.0648297083097278e-01  -8.2642127676157906e-01  -4.0894602422545425e+00
   9.7514554852746948e-07   6.7700803563053902e-07   9.3110634151538788e-07   1.4272262680308670e-06   2.1264186933507706e-07   7.0233213318471483e-07   1.3790458220458002e-06   4.2326945099092745e-07   1.2705909470312861e-06   1.3887651557147896e-06
   2.4718851015516270e+00   2.4747301187509247e+00   2.4978073559921006e+00   1.9885926211127227e+00   2.5649996522410823e+00   2.4404557018671813e+00   1.8378681246767616e+00   2.1161320015172573e+00   2.0876847216859780e+00   2.4478103504015154e+00
  -3.1066983857772373e-02  -2.6573252212007750e-02  -3.2372890209101696e-02  -2.7900071306793804e-02  -3.1745281865713536e-02  -2.6143801451138326e-02  -2.5792089748446951e-02  -2.4714676331181979e-02  -3.1856138292063949e-02  -2.5893549978884836e-02
  -8.0036406840481362e+00  -6.6797145500533333e+00  -3.5834905942033766e+00  -2.6587625821995684e+00  -9.4255587340988356e+00  -9.6326446309749869e+00  -9.1078929316171493e+00  -6.0034304362303068e+00  -8.5148151899537527e-01  -4.5738304758499417e+00
  -1.7935708020639018e-03  -9.8218145056714538e-04  -1.5652149610754134e-03  -2.6528974102493262e-03  -6.5279523578072043e-04  -5.1436744618945729e-04  -1.4398457488359220e-03  -1.0503730109309064e-03  -2.5654599286535364e-03  -1.1822002389215126e-03
   1.1766849971876420e-01   1.2546687335126377e-01   1.3037167287473220e-01   1.0683087127009747e-01   8.7509097315173062e-02   1.0740437080545269e-01   1.0685311128978464e-01   1.2122136005243861e-01   1.1373168998583989e-01   9.4470165489713695e-02
  -3.6947288883055345e+00  -5.3557166578459725e-01  -3.4159139579655560e+00  -4.1000590722488530e+00  -4.1699250222637447e+00  -2.1613625937033967e+00  -3.5182750919562533e+00  -7.5254371385318697e-01  -3.0668217126117754e+00  -1.7724134554038731e+00
  -3.1008876515397349e-01  -2.7723902031254605e-01  -3.2729516867136049e-01  -2.8242923947173149e-01  -3.2730744499659231e-01  -2.6076282809977058e-01  -2.8437399339852298e-01  -2.3584574667493483e-01  -2.7742694811398483e-01  -3.1727533893028415e-01
   1.1682714101485947e+00   3.2098800891501278e-01   2.0616610780292559e+00   2.0024861561565865e+00   1.6094973415939493e+00   2.3730169563064274e-01   1.6578806050875086e+00   2.0853357892699012e+00   1.5252533098786507e+00   4.3481253330705405e-02
   5.3406873890580142e-01   7.6968067111748617e-01   1.5555947841047439e+00   1.1609543837009380e+00   3.3453873822772384e+00   3.9697187545235089e+00   3.9891701912712407e-01   2.4289935590219769e-01   2.3986245590134345e+00   3.9093802545083656e-01
   7.5056200917818700e-02   4.1202864402317402e-01   2.5868680171990110e-01   1.1012904455648181e-01   7.9527950391396929e-02   2.1865197182390819e-01   2.8461453050182095e-01   2.0830267230384331e-01   5.4831800815461351e-02   1.6098688437848249e-01
  -1.1479505940334653e+00  -7.4455882765889214e-02  -3.8646924103933822e+00  -3.7708138548150227e+00  -8.5711748972331270e-01  -3.0138447835992834e+00  -2.3862264435456422e+00  -4.0337605498718054e-01  -3.2976145798530201e+00  -3.0240695678182301e+00
   9.5800497358958500e-02   9.7726872759533456e-02   9.9663334148048052e-02   1.3136571328737598e-01   1.2796107605746337e-01   9.9967208937356403e-02   8.4750913850692833e-02   8.5161704458568827e-02   9.0033204057566915e-02   9.8170979471439837e-02
  -5.7180643327831430e+05  -8.7291396103419014e+05  -9.6107028166750190e+05  -1.1233126557966496e+05  -4.3908512144918717e+05  -4.9374458591356687e+05  -5.3411110579232173e+05  -3.0937644233535277e+05  -4.9429325297492923e+05  -5.9082957907093642e+05
   1.8431236960675061e+00   2.4537075000480484e+00   1.0604442647401782e+00   3.4761312712709824e-01   5.8538821450956124e-01   2.0397568295148765e+00   2.1648126928045195e+00   2.4929437024728207e+00  -6.1368444111978615e-02   3.8003363454903405e-01
   7.7583467288363053e-04   1.2195977852209124e-04   5.0404096038200860e-04   3.0661925171891172e-04   2.0789779878716092e-03   1.2584595964588335e-03   5.5146178618916504e-04   1.2800378262703192e-03   8.7755213589333898e-04   8.0785603065448093e-04
   1.2884191173207268e-01   1.3686734533114131e-01   1.1012386410176338e-01   1.2547456400971771e-01   1.1346949699835715e-01   1.2178757103004562e-01   1.5266047153792775e-01   1.2864681893030847e-01   1.4779019667210666e-01   1.3656918616027494e-01
   1.3794930893237234e+00   1.7818720270652579e+00   1.7945763438018019e+00   8.8490436602119416e-01   1.1066155305695968e-01   1.2385964086660026e+00   3.6708750046487382e-01   1.9560222346407208e-01   1.8049001849821931e+00   1.7425864637906325e+00
   1.7180681290571216e-02   1.7180681451023930e-02   1.7180803012896859e-02   1.7179714538315856e-02   1.7179709943933724e-02   1.7180339504169036e-02   1.7180764347605775e-02   1.7180541637174848e-02   1.7179672735426494e-02   1.7180122581346473e-02
   1.8330010404569677e-02   4.1371140559249373e-03   3.4362791406564903e-03   8.0471148298915524e-03   1.8557781219519714e-02   1.7338851957944611e-02   6.2447283933250207e-03   2.0676624084320361e-04   1.8793891519439949e-02   4.2951551841518510e-03
   8.2869092598228718e-07   1.2680010978771674e-06   5.8305358690710946e-07   2.5884836172675041e-07   2.5706445505834984e-07   1.0200682257303478e-06   1.1428100083900428e-06   8.7439355068365548e-07   8.9221713911120286e-07   5.0812349726681840e-07
   1.9247672725037979e+00   3.1254050053479050e+00   3.0767328871081281e+00   2.8203670922802648e-01   2.3213821705295148e+00   3.5831638478034948e+00   3.7130065006956694e+00   2.1030525759014074e-01   2.7007296864673456e+00   3.7208705440570142e+00
   4.0467033021684866e+00   1.2390693099471122e+00   1.0468370344433180e+00   2.3385627020527955e-01   3.3262934712587935e+00   5.7196084291397176e-01   4.0944403660947293e+00   1.1674307324125874e+00   1.1473736336922524e-01   2.7060946860509656e+00
   3.9607061824825478e-03   7.3200728920912042e-03   1.1677141459132904e-03   1.3289358508271750e-03   2.8352781404931251e-03   4.6792304165079778e-03   5.4427244133576766e-03   4.8687439395571873e-04   1.0277885239915390e-02   1.2525952367560624e-02
   3.9003441810677345e-02   5.6077564263742566e-02   3.5804131194484418e-02   3.8159571563671571e-02   5.3956033411849291e-02   8.8527478058534094e-03   2.6228521709895730e-02   5.4366333929967481e-02   2.5635101128544703e-02   2.2430694655033945e-02
   5.3375635001653121e-01   1.1561533382191751e+00   3.3841676533596488e-01   3.6891164349153360e+00   2.7919228382849370e+00   8.7292510125545575e-01   1.7402322474214447e+00   3.3917799582594692e+00   1.6290046656029846e+00   3.1118670457555635e+00
   8.4489801363552705e-02   8.4726879862041179e-02   8.4840950552584046e-02   8.4769409386625486e-02   8.4024176656835634e-02   8.4084491338983033e-02   8.3106537901725494e-02   8.3230274702247503e-02   8.3081578694513658e-02   8.3954062879704472e-02
   1.5006829590334227e+00   1.2398992007794880e+00   1.2192405016028447e+00   3.7374074979318284e+00   2.8387576673579473e+00   3.5605568634337970e-01   3.8244378927760652e+00   1.3031922439424246e+00   3.6381101150183426e+00   2.6028481963497341e+00
   6.3840271911885113e-02   7.2447861654601209e-02   8.3714769934313898e-02   6.5458585955142562e-02   5.9696342611801588e-02   6.9379080300461096e-02   7.9641699623237583e-02   8.1691445548763605e-02   6.1486176742775386e-02   8.6504191944801773e-02
   1.1306074525738086e-03   8.6590856790281405e-04   1.2659425958463119e-03   1.4872238960680164e-03   2.6096225692149840e-04   1.5206306164209384e-03   1.5738146533625422e-03   1.9971720253676882e-03   9.7465664391645256e-04   2.9337466620321716e-04
  -2.4088570360973822e+00   4.8819502117981139e-02  -3.6771967948301754e+00   2.2137440824780197e+00  -4.2349168398078998e+00  -4.0035181011349801e+00  -2.3849788171851065e+00   3.2080542612134120e+00   1.2070435557128847e+00  -3.4469111650560136e-01
   8.2386238553998456e-04   1.2973013924458873e-03   2.7148683639023749e-04   1.9223675756146574e-04   8.3475805929402575e-04   1.5074216133761139e-04   2.0300822139934067e-04   3.1517457281532869e-04   1.8408549356663433e-03   1.1358602556268689e-04
   5.3245592255074881e-01   1.5307036296472079e+00   1.1853196402432922e+00   4.1533348803297514e+00   2.7731082684292980e+00   2.1830223766200079e+00   1.4561940778195059e+00   3.1621805935221126e-02   6.6955314947842126e-02   3.0236068775225378e+00
   4.2213554113502507e+00   4.6134560219945859e+00   4.6470039771063956e+00   2.8109298582560847e+00   1.7453539017777722e+00   1.0350024214736877e+00   3.1257087404246708e+00   5.3973785272494830e+00   1.3886970478539675e+00   5.4257753864244158e+00
   2.7203622903798590e+00   2.1010155226639027e-01   2.7386363655011139e+00   3.2332118538846797e+00   4.8802002296868108e-01   2.0689284839490187e+00   4.0988854691581658e+00   2.2840548907603107e+00   3.8551832747303054e+00   2.4418265908376742e+00
   4.0628968018712674e-01  -2.5158938393297552e+00  -1.5915918016830846e+00  -1.7761295185317620e+00  -6.6141966458479551e-01  -2.0638591614390913e+00  -6.7219298413363959e-01   3.4320304785356637e-02  -9.0979815050222612e-01  -1.1235144582208501e+00
   2.0198344015296074e-01   2.1236983676618509e-01   4.2468305096497916e-01   4.0017331159608638e-01   3.1388664092245089e-01   3.0682938456080017e-01   3.7212035113248199e-01   2.3286180183095911e-01   3.9751553973336573e-01   2.5551948498138394e-01
  -1.8160338053927916e-01  -3.3926096715775174e+00  -3.4465708634743568e+00  -1.4677856718960691e-01  -2.7977925816613003e+00  -1.3253999204021003e+00  -1.7536063393728969e+00  -4.0895912949358078e+00  -1.4110907912393116e+00  -3.2718681117145354e+00
  -1.1965699059288006e-01  -1.9005128899935919e-01  -2.1639932846035437e-01  -1.3279450424337927e-01  -1.1720768568899378e-01   1.1542375505714043e-01   2.0645882990907088e-01   1.0708755813541194e-01  -4.7570581777800380e-02   5.8029096016611811e-02
   2.2631070143483631e+00   3.6391148920648568e+00   1.3715901417496656e+00   3.7272101901755068e+00   4.3555955259652084e+00   1.0651203804730549e+00   1.3182994787016213e+00  -1.6276807897921053e-01   3.6540027255253937e+00   8.6909241201812515e-01
   1.7251558953281916e+00   6.4830841971604047e-01   1.2759059179678958e+00   1.0794886700894673e+00   1.2472317197485878e+00   3.2266863414364786e+00   1.9553711572679990e+00   3.5966472584937317e+00   9.1455375637945413e-01   2.2419605736791852e+00
  -1.0808195033850369e-01  -1.5522236616947716e-01  -1.4774350514264317e-01  -1.2254625861948917e-01  -1.4652638684735170e-01  -1.3042650196283492e-01  -1.4732554903980760e-01  -1.4261753983270642e-01  -1.2312567113690027e-01  -1.4254239272359745e-01
   3.7406647240908479e+00   3.8469955642203515e+00   3.6027802406653513e+00   4.4897230258150556e+00   4.1243618521335970e+00   3.9101335811422904e+00   3.5918390515489369e+00   3.2571107882105221e+00   4.5861578196466262e+00   3.6606922692675266e+00
   1.8851120356322590e+00   4.0142741379053426e+00   1.1771387695803179e+00   1.4014503929574946e+00   3.6880420758186028e-01   8.6772745615162172e-01   3.5652045763678619e+00   1.2842238379234088e+00   3.4428476112949067e+00   1.6857125336617267e+00
  -1.0882758847134193e-01  -1.5002933712734354e-01  -4.7052028256825973e-02  -1.2373899140712408e-02  -1.0378374055898489e-01  -2.1509996869671769e-01  -1.5610981763589779e-01  -9.6017430130955581e-02  -3.8544472413092556e-01  -7.1254904559871074e-02
  -1.6277653041372151e+00  -3.4147833373462539e+00  -3.6224665782988077e+00  -9.1927110773506815e-01  -3.2087942498897828e+00  -3.6185487139085648e+00  -1.5984324533354211e+00  -2.3678261614084315e+00  -1.5598823278617870e+00  -3.5126275350391767e+00
   1.2504572073275915e+00   1.3555302246298662e+00   1.8588797260060330e-01   2.0252268355785807e-01   8.2916885371394922e-01   2.7316194030121693e-01   7.4301870119335589e-01   3.8874355262300181e-01   6.7835844070743723e-01   5.8209515846017457e-01
   2.9365239151632808e-02   2.6740396841479580e-02   3.1587530976548171e-02   2.4643748870620815e-02   2.7320690200647646e-02   3.1654460331886340e-02   2.6674599290768739e-02   2.6577266837822675e-02   2.6058603991184596e-02   2.9945637023298475e-02
   1.1195281817134062e+00   4.0677260250889091e+00  -1.2411317004597047e+00  -3.5407837625875711e+00  -9.6708558730410532e-01   1.4118444153298653e+00   3.1730965964657187e+00  -2.1694996140797853e+00   2.9166975900470442e+00   2.0187128107059582e+00
   7.5389987532401115e-02   6.7608325545216816e+00   5.8183348992606438e+00   1.2293940398190606e+00   1.4102476202620728e-01   8.3761863183406327e+00   5.3350879771837993e+00   9.1074941026677863e+00   2.8787501114380571e+00   3.0470204065705628e+00
  -1.4410638740145476e-02  -3.9448265006111605e+00  -8.3873730345448272e-01  -2.4814431763648117e+00  -1.8083943662472788e+00  -3.8770394034214268e+00  -8.7923241045769296e-01  -1.6217814443684602e+00  -1.8671087094397354e+00  -3.4093799430693688e+00
  -3.6091870541075068e+00  -3.8770349149217949e+00  -4.7046742808942357e+00  -4.6335175922026011e+00  -4.6619169647808967e+00  -4.5202270380144265e+00  -4.7288412945207599e+00  -4.8430969824550685e+00  -4.2740579485620076e+00  -4.3487322702210367e+00
   1.3062787124385031e-05   8.8608799836111886e-06   4.5305494853901933e-06   1.1819724804765182e-05   1.9400525495598114e-05   1.0428973054069820e-05   9.0445764664199993e-06   3.4861594100250956e-06   1.3857260431908220e-05   7.9736421562739019e-07
   1.9735953101009784e-05   2.6524190248943663e-05   1.9891318496430740e-05   2.7905922011083548e-05   1.2889573045004357e-05   1.4343614447645370e-05   1.1001568790735748e-05   9.1602505634800734e-06   9.3987703151670736e-06   1.7707216146830423e-05
   3.9510549538108863e+00   3.6936023284968003e+00   3.1679196306756934e+00   4.2607658144993921e-01   3.8163311628004948e+00   1.3966742847008389e+00   3.1979546469056599e+00   3.0783648481340204e+00   4.7503985976910745e-01   3.6009979751190908e+00
  -6.7679601313090365e-02  -5.4875972691940472e-02  -5.8051073356661063e-02  -6.5364494854676380e-02  -6.2968476132715251e-02  -4.7896207483211897e-02  -4.5935473796817630e-02  -6.5225314492455805e-02  -5.6230867221057738e-02  -6.1647348329779895e-02
   2.5520946016262860e+00   3.6612036070906329e+00   2.1382501464584824e+00   3.5501542838253783e+00   3.0162577075358907e+00   6.1893623561260958e-01   3.2359702742515708e+00   1.8874706084325439e+00   2.6691744225571594e+00   4.0783564018746699e+00
   5.4534611572118925e-02   3.7321811449215883e-02   5.5424047748086208e-02   2.8339106736533830e-02   3.7399947236635818e-02   3.5835625838407423e-02   3.9871110053502877e-02   3.0017864652384953e-02   4.5409852134704741e-02   2.4842936283143584e-02
  -2.0128339250504390e+00  -3.3139051731539899e+00  -2.5014210303046855e+00  -3.5753667409674659e+00  -4.3846246117919652e-02  -3.5282111407547125e+00  -1.0489190978647698e+00  -3.9909894232537479e-01  -2.3708608330449907e+00  -4.5529190761647591e+00
  -4.9046904177346230e-02  -4.8166120915877172e-02  -5.6054937320413147e-02  -5.9982166658981262e-02  -6.1521474547096555e-02  -5.1953453325193834e-02  -5.9178837897510210e-02  -4.9856616824193234e-02  -4.9928020897274661e-02  -6.1314855727077733e-02
   6.4690538251843280e+05   9.5639930073548853e+05   6.7755872359412746e+05   6.7567837828107784e+05   2.9331198860266694e+05   6.3723442162576178e+05   3.8722657933184237e+05   7.0959369908906287e+05   4.0207480147483200e+05   3.4577817006861477e+05
  -2.1865041537633568e-04  -4.4399949487895218e-03  -1.7530705615306326e-03  -1.3874397800229380e-03  -4.4640871126609459e-03  -2.6743535533810484e-03  -1.0970137298266305e-03  -2.0292143775620078e-03  -3.4045439147690070e-03  -4.5544633421205818e-03
  -5.0095000263748052e-02  -9.5201923662535881e-02  -2.6930468271986047e-01  -2.7358789641363518e-01  -1.4374244763932892e-01  -1.9943768474721499e-01  -3.0244823009394883e-01  -6.8051368319982347e-02  -9.7322486564474633e-02  -3.9891781099733342e-01
  -1.7212791408081738e+00  -2.1374726117490157e+00  -1.9969718393771512e+00  -1.8974372492788687e+00  -1.7293351071668499e+00  -8.2434876005825375e-01  -1.0809486449284740e+00  -1.0792821045374441e+00  -1.1535348022186771e+00  -1.6400670843958920e+00
   1.3140076871961644e-02   1.3140040908175131e-02   1.3140584128034684e-02   1.3141136266213873e-02   1.3140235800439012e-02   1.3140880562495091e-02   1.3141350260438483e-02   1.3140522015352339e-02   1.3140860169567965e-02   1.3140689668199848e-02
   3.5964201680732257e+00   2.9585343057088709e+00   1.9803207056632590e+00   2.0131936477831798e+00   3.1971179909191916e+00   1.3152127825168904e+00   1.4128470270808180e+00   5.5401480080836341e-01   3.4286086817140871e+00   2.5311420435567347e+00
   3.7768769410296352e+00   1.1364538452497432e+00   9.7716061388025111e-01   4.2277833274730146e+00   3.5300629310403475e+00   6.0771718477188652e-01   6.6563419244229771e-01   1.2747879375291720e+00   2.0786918689967004e+00   5.5223842922873856e-01
   1.8618677449377191e-01   3.7230445488507374e-01   6.7206338299859181e-01   4.7621598493121092e-01   6.5821697864360151e-01   2.8749406140403988e-01   6.1541067708263375e-01   3.2948758034709646e-02   2.7599225658912019e-01   4.2236490393006959e-01
  -7.5613463043120985e-02  -7.6356718258671366e-02  -9.8849510174185140e-02  -9.1645032508471586e-02  -8.5501273353239121e-02  -8.9127500941911700e-02  -8.4153969205659401e-02  -8.2519080552131516e-02  -9.0934637296661819e-02  -9.8622265165521375e-02
   3.0211893125151068e-03   4.0148692122535480e-03   3.4381017248557456e-03   3.9939380582446476e-03   3.2029523147212415e-03   4.2086811794028777e-03   3.8896994232363968e-03   4.9125615658704149e-03   3.1506516581839132e-03   3.4714433071455341e-03
  -8.8167103289434987e-02  -6.2728990705723214e-02  -7.0898883496516935e-02  -8.3689492287878808e-02  -7.6341920804852872e-02  -6.3890134283364791e-02  -6.1501916236911904e-02  -6.0835803449000275e-02  -8.5741980203367582e-02  -6.3890865792527549e-02
   3.7999825342232607e-01   3.2805226282595985e+00   5.3378557740751553e-01   4.1510430036039825e-02   2.2859320665888401e+00   1.1599270002959288e+00   3.0193153348828217e-01   1.7331669145195367e+00   1.6537152927998062e+00   3.5113876262000936e+00
   3.9499649472728908e+00   3.0020187634377820e+00   3.5784554768495793e+00   1.7594022517463386e+00   3.6749558442644101e+00   1.0980044835767351e+00   2.0160970857072549e+00   2.6221786983868833e+00   4.3722478555526845e-01   1.9509618510887234e+00
   1.2859821362930304e+00   1.2059651591398934e+00   5.7458446245790729e-01   3.0869214634142943e+00   3.8772794738545322e+00   1.1742021676681806e+00   4.2145071368446381e+00   2.2558958296455152e+00   3.2786041915030149e+00   2.5263869488322817e+00
  -6.0129844228489757e-02  -6.0056105036884563e-02  -4.4582317271893795e-02  -5.9034696884555662e-02  -5.9587554330216348e-02  -5.8731009790088703e-02  -5.9550688688978545e-02  -5.8534885963948707e-02  -5.0310676235006464e-02  -5.7917039284131104e-02
   1.6178506937311749e-05   7.0055414644309972e-06   7.5010865454319714e-06   2.0399375790643682e-05   3.6249675205073617e-06   6.1483078569858004e-06   2.8352121121268494e-05   2.1335614998825511e-05   1.4811351128178570e-05   7.8767564341558192e-06
   4.5983617450659873e+00  -4.0118796013542948e+00  -1.0689428019918064e+00   2.3682821632057882e+00  -1.8589305344843083e+00   7.4338661382259419e-01  -3.6448846772399124e+00  -2.4345626925093460e+00   1.4461591586451519e+00  -2.5845812617249773e+00
   8.9903132777268857e-02   5.5828635305969099e-02   5.0706009950740216e-01   3.2083265873302491e-01   6.7554126712367635e-01   4.6622867364178711e-01   2.9384023852247632e-01   9.5900845767173781e-02   2.1625992998294416e-01   7.2918802188857934e-02
   1.7179677083898202e-02   1.7180030230573341e-02   1.7180210774802997e-02   1.7179980929250202e-02   1.7180098609925882e-02   1.7180167712002023e-02   1.7179812284541390e-02   1.7180543057157740e-02   1.7180987343008922e-02   1.7179672359703038e-02
   7.2756208610095466e-04   1.1235720557198658e-02   8.3625323989960192e-03   1.7896305086474960e-03   1.1534319770636105e-03   4.6167228192741687e-03   3.0813271427823242e-03   7.4264948616213095e-03   1.3864569877682359e-02   8.0227308405555250e-03
   5.4577614230602997e-03   5.3380918620331104e-03   1.5032016180456105e-02   9.9544974622843355e-03   7.6711114997507915e-03   1.0676785131433494e-02   2.6486650657988392e-03   1.2466812872815383e-02   2.9685354966601813e-04   1.0913039532785641e-02
  -3.8520525901374105e+00  -3.0264552927782025e+00  -1.2184642517886075e+00  -4.0515778300679859e+00  -3.8922636881300416e+00  -3.2444142303455084e+00  -2.5925016583755585e+00  -2.6338819255691615e-01  -2.0174742402737755e+00  -3.8835137013042393e+00
   8.2534194898778850e+00   6.3557204299387129e+00   6.8737197596600614e+00   7.6860854783633670e+00   5.9818765717872120e+00   6.4800155731767290e+00   5.8144285960729265e+00   7.9139661719965009e+00   8.5026373135176438e+00   7.0025084004021299e+00
   6.3622067455347764e-02   6.0477630199002236e-02   5.5348756404207153e-02   5.3952035061308412e-02   7.0860222313260252e-02   4.5785773941762975e-02   4.8997138819105113e-02   6.9462442874595104e-02   6.1204611532873127e-02   7.3337432743559514e-02
   6.1798229777041989e-02   5.4672411162235500e-02   6.9323992248442601e-02   4.5454893020272683e-02   5.9134422218467680e-02   6.1714671644648458e-02   6.3283115897581219e-02   6.0017875681853405e-02   4.2450054919372142e-02   5.0977125514622440e-02
  -6.5984644419655751e+00  -6.8248936096261419e+00  -2.4402287805760192e+00  -5.7473207660769212e+00  -2.5482669502589244e+00  -5.2510840960128142e+00  -6.1595466673710293e+00  -2.3320772797394338e+00  -6.1887273854709335e+00  -2.3591450627481647e+00
   9.8588160999089625e-02   2.6909756362477633e-01   4.9420434925681961e-01   2.4229209750630878e-01   2.2371101327128190e-01   5.4802320531003623e-01   1.3671267951712301e-01   6.4363993855237345e-01   4.0539761217391251e-01   3.6740659355456434e-01
   8.0680991525383261e-07   9.7905036934987261e-08   2.8099474315499409e-07   1.4735444961949074e-06   1.4537562404834955e-06   1.4460766671117903e-06   3.7531321328937578e-07   1.3133195368035064e-06   1.0788776040442007e-06   6.0998611839302141e-07
   2.9894956868697671e+00   7.2453246967146767e-01  -1.0029317546119287e-01  -2.1489270626202530e+00   1.2565198533896116e+00  -2.6008852195703476e+00  -2.3639073464086149e+00  -3.1471174300068228e+00   2.3617379455132239e+00  -3.3908044535049395e+00
   2.4656580148178037e-01   1.2200580138674996e-01   2.6584742707632431e-01   3.8686670626413044e-01   8.5237391550890121e-02   1.0188144933173870e-01   3.8770822063887284e-01   2.6584411154019399e-01   2.1881783541651878e-02   3.9203664607029604e-01
   4.0583719955742757e-03   3.0691629805983979e-03   2.7646208661737150e-03   3.6152647654018044e-03   3.3290723810283571e-03   3.1385537848273399e-03   3.0106501933498788e-03   3.6924428448679345e-03   3.7808954437228647e-03   3.8334350324121060e-03
   2.9260665523208615e+00   4.5497696703531521e+00   2.6557299185160090e+00   7.7925305720948113e-01   3.2315414235450914e+00   9.8537881821423734e-01   4.4146785263256483e+00  -5.8439230366084338e-02   1.8325843435255664e+00   4.4736141044398536e+00
